c,e,g,0.2,0.1,0.02,0.01,0.2,0.02,0.01,0.02,0.01,c,e,g,0.2,0.1,0.02,0.01,0.2,0.02,0.01,0.02,0.01,c,e,g,0.2,0.1,0.02,0.01,0.2,0.02,0.01,0.02,0.01,c,e,g,0.2,0.1,0.02,0.01,0.2,0.02,0.01,0.02,0.01,c,e,g,0.2,0.1,0.02,0.01,0.02,0.01,0.02,0.01,c,e,g,0.2,0.1,0.02,0.01,0.02,0.01,0.02,0.01,c,e,h,0.2,0.1,0.02,0.01,0.2,0.02,0.01,0.02,0.01,c,e,h,0.2,0.1,0.02,0.01,0.2,0.02,0.01,0.02,0.01,c,e,h,0.2,0.1,0.02,0.01,0.2,0.02,0.01,0.02,0.01,c,e,h,0.2,0.1,0.02,0.01,0.2,0.02,0.01,0.02,0.01,c,e,h,0.2,0.1,0.02,0.01,0.02,0.01,0.02,0.01,c,e,h,0.2,0.1,0.02,0.01,0.02,0.01,0.02,0.01,b,d,f,0.2,0.1,0.02,0.01,0.2,0.02,0.01,0.02,0.01,b,d,f,0.2,0.1,0.02,0.01,0.2,0.02,0.01,0.02,0.01,b,d,f,0.2,0.1,0.02,0.01,0.2,0.02,0.01,0.02,0.01,b,d,f,0.2,0.1,0.02,0.01,0.2,0.02,0.01,0.02,0.01,b,d,f,0.2,0.1,0.02,0.01,0.02,0.01,0.02,0.01,b,d,f,0.2,0.1,0.02,0.01,0.02,0.01,0.02,0.01,c,e,h,0.2,0.1,0.02,0.01,0.2,0.02,0.01,0.02,0.01,c,e,h,0.2,0.1,0.02,0.01,0.2,0.02,0.01,0.02,0.01,c,e,h,0.2,0.1,0.02,0.01,0.02,0.01,0.02,0.01,h,0.2,0.1,0.02,0.01,0.02,0.01,0.02,0.01,h,0.2,0.1,0.02,0.01,0.02,0.01,0.02,0.01,h,0.2,0.1,0.02,0.01,0.02,0.01,0.02,0.01,g,0.2,0.1,0.02,0.01,0.02,0.01,0.02,0.01,c,g,0.2,0.1,0.02,0.01,0.2,0.02,0.01,0.02,0.01,c,f,0.1,0.02,0.01,0.02,0.01,0.02,0.01,0.01,0.01,0.01,0.01,e,0.2,0.1,0.02,0.01,0.02,0.01,0.02,0.01,c,0.2,0.1,0.02,0.01,0.2,0.02,0.01,0.02,0.01,c,0.1,0.02,0.01,0.02,0.01,0.02,0.01,0.01,0.01,0.01,0.01,g,0.1,0.02,0.01,0.02,0.01,0.02,0.01,0.01,0.01,0.01,0.01,g,0.1,0.02,0.01,0.02,0.01,0.02,0.01,0.01,0.01,0.01,0.01,c,g,0.2,0.1,0.02,0.01,0.02,0.01,0.02,0.01,c,g,0.1,0.02,0.01,0.02,0.01,0.02,0.01,0.01,0.01,0.01,0.01,g,0.1,0.02,0.01,0.02,0.01,0.02,0.01,0.01,0.01,0.01,0.01,a,g,0.1,0.02,0.01,0.02,0.01,0.02,0.01,0.01,0.01,0.01,0.01,h,0.1,0.02,0.01,0.02,0.01,0.02,0.01,0.01,0.01,0.01,0.01,h,0.1,0.02,0.01,0.02,0.01,0.02,0.01,0.01,0.01,0.01,0.01,a,0.2,0.1,0.02,0.01,0.2,0.02,0.01,0.02,0.01,a,0.2,0.1,0.02,0.01,0.2,0.02,0.01,0.02,0.01,a,0.1,0.02,0.01,0.02,0.01,0.02,0.01,0.01,0.01,0.01,0.01,c,0.1,0.02,0.01,0.02,0.01,0.02,0.01,0.01,0.01,0.01,0.01,c,0.1,0.02,0.01,0.02,0.01,0.02,0.01,0.01,0.01,0.01,0.01,a,c,0.2,0.1,0.02,0.01,0.02,0.01,0.02,0.01,a,j,0.2,0.1,0.02,0.01,0.02,0.01,0.02,0.01,b,i,0.2,0.1,0.02,0.01,0.2,0.02,0.01,0.02,0.01,b,0.1,0.02,0.01,0.02,0.01,0.02,0.01,0.01,0.01,0.01,0.01,h,0.2,0.1,0.02,0.01,0.02,0.01,0.02,0.01,b,0.2,0.1,0.02,0.01,0.02,0.01,0.02,0.01,g,0.1,0.02,0.01,0.02,0.01,0.02,0.01,0.01,0.01,0.01,0.01,b,0.2,0.1,0.02,0.01,0.2,0.02,0.01,0.02,0.01,b,f,0.2,0.1,0.02,0.01,0.02,0.01,0.02,0.01,b,0.2,0.1,0.02,0.01,0.02,0.01,0.02,0.01,f,h,0.2,0.1,0.02,0.01,0.2,0.02,0.01,0.02,0.01,f,0.2,0.1,0.02,0.01,0.2,0.02,0.01,0.02,0.01,f,0.2,0.1,0.02,0.01,0.02,0.01,0.02,0.01,h,0.1,0.02,0.01,0.02,0.01,0.02,0.01,0.01,0.01,0.01,0.01,f,0.1,0.02,0.01,0.02,0.01,0.02,0.01,0.01,0.01,0.01,0.01,h,0.2,0.1,0.02,0.01,0.02,0.01,0.02,0.01,f,h,0.2,0.1,0.02,0.01,0.02,0.01,0.02,0.01,f,g,0.2,0.1,0.02,0.01,0.02,0.01,0.02,0.01,c,g,0.2,0.1,0.02,0.01,0.2,0.02,0.01,0.02,0.01,c,f,0.1,0.02,0.01,0.02,0.01,0.02,0.01,0.01,0.01,0.01,0.01,e,0.2,0.1,0.02,0.01,0.02,0.01,0.02,0.01,c,0.2,0.1,0.02,0.01,0.2,0.02,0.01,0.02,0.01,c,0.1,0.02,0.01,0.02,0.01,0.02,0.01,0.01,0.01,0.01,0.01,g,0.1,0.02,0.01,0.02,0.01,0.02,0.01,0.01,0.01,0.01,0.01,g,0.1,0.02,0.01,0.02,0.01,0.02,0.01,0.01,0.01,0.01,0.01,c,g,0.2,0.1,0.02,0.01,0.02,0.01,0.02,0.01,c,g,0.1,0.02,0.01,0.02,0.01,0.02,0.01,0.01,0.01,0.01,0.01,g,0.1,0.02,0.01,0.02,0.01,0.02,0.01,0.01,0.01,0.01,0.01,a,g,0.1,0.02,0.01,0.02,0.01,0.02,0.01,0.01,0.01,0.01,0.01,h,0.1,0.02,0.01,0.02,0.01,0.02,0.01,0.01,0.01,0.01,0.01,h,0.1,0.02,0.01,0.02,0.01,0.02,0.01,0.01,0.01,0.01,0.01,a,0.2,0.1,0.02,0.01,0.2,0.02,0.01,0.02,0.01,a,0.2,0.1,0.02,0.01,0.2,0.02,0.01,0.02,0.01,a,0.1,0.02,0.01,0.02,0.01,0.02,0.01,0.01,0.01,0.01,0.01,c,0.1,0.02,0.01,0.02,0.01,0.02,0.01,0.01,0.01,0.01,0.01,c,0.1,0.02,0.01,0.02,0.01,0.02,0.01,0.01,0.01,0.01,0.01,a,c,0.2,0.1,0.02,0.01,0.02,0.01,0.02,0.01,a,j,0.2,0.1,0.02,0.01,0.02,0.01,0.02,0.01,b,i,0.2,0.1,0.02,0.01,0.2,0.02,0.01,0.02,0.01,b,0.1,0.02,0.01,0.02,0.01,0.02,0.01,0.01,0.01,0.01,0.01,h,0.2,0.1,0.02,0.01,0.02,0.01,0.02,0.01,b,0.2,0.1,0.02,0.01,0.02,0.01,0.02,0.01,g,0.1,0.02,0.01,0.02,0.01,0.02,0.01,0.01,0.01,0.01,0.01,b,0.2,0.1,0.02,0.01,0.2,0.02,0.01,0.02,0.01,b,f,0.2,0.1,0.02,0.01,0.02,0.01,0.02,0.01,b,0.2,0.1,0.02,0.01,0.02,0.01,0.02,0.01,f,h,0.2,0.1,0.02,0.01,0.2,0.02,0.01,0.02,0.01,f,0.2,0.1,0.02,0.01,0.2,0.02,0.01,0.02,0.01,f,0.2,0.1,0.02,0.01,0.02,0.01,0.02,0.01,h,0.1,0.02,0.01,0.02,0.01,0.02,0.01,0.01,0.01,0.01,0.01,f,0.1,0.02,0.01,0.02,0.01,0.02,0.01,0.01,0.01,0.01,0.01,h,0.2,0.1,0.02,0.01,0.02,0.01,0.02,0.01,f,h,0.2,0.1,0.02,0.01,0.02,0.01,0.02,0.01,f,0.1,0.02,0.01,0.02,0.01,0.02,0.01,0.01,0.01,0.01,0.01,g,0.1,0.02,0.01,0.02,0.01,0.02,0.01,0.01,0.01,0.01,0.01,c,g,0.2,0.1,0.02,0.01,0.2,0.02,0.01,0.02,0.01,c,f,0.1,0.02,0.01,0.02,0.01,0.02,0.01,0.01,0.01,0.01,0.01,e,0.2,0.1,0.02,0.01,0.02,0.01,0.02,0.01,c,0.2,0.1,0.02,0.01,0.2,0.02,0.01,0.02,0.01,c,0.1,0.02,0.01,0.02,0.01,0.02,0.01,0.01,0.01,0.01,0.01,g,0.1,0.02,0.01,0.02,0.01,0.02,0.01,0.01,0.01,0.01,0.01,g,0.1,0.02,0.01,0.02,0.01,0.02,0.01,0.01,0.01,0.01,0.01,c,g,0.2,0.1,0.02,0.01,0.02,0.01,0.02,0.01,c,g,0.1,0.02,0.01,0.02,0.01,0.02,0.01,0.01,0.01,0.01,0.01,g,0.1,0.02,0.01,0.02,0.01,0.02,0.01,0.01,0.01,0.01,0.01,a,h,0.2,0.1,0.02,0.01,0.02,0.01,0.02,0.01,h,0.1,0.02,0.01,0.02,0.01,0.02,0.01,0.01,0.01,0.01,0.01,a,0.2,0.1,0.02,0.01,0.2,0.02,0.01,0.02,0.01,a,0.2,0.1,0.02,0.01,0.2,0.02,0.01,0.02,0.01,a,0.1,0.02,0.01,0.02,0.01,0.02,0.01,0.01,0.01,0.01,0.01,c,0.1,0.02,0.01,0.02,0.01,0.02,0.01,0.01,0.01,0.01,0.01,c,0.1,0.02,0.01,0.02,0.01,0.02,0.01,0.01,0.01,0.01,0.01,a,c,0.2,0.1,0.02,0.01,0.02,0.01,0.02,0.01,a,j,0.2,0.1,0.02,0.01,0.02,0.01,0.02,0.01,c,j,0.2,0.1,0.02,0.01,0.2,0.02,0.01,0.02,0.01,c,0.1,0.02,0.01,0.02,0.01,0.02,0.01,0.01,0.01,0.01,0.01,i,0.2,0.1,0.02,0.01,0.02,0.01,0.02,0.01,c,0.2,0.1,0.02,0.01,0.02,0.01,0.02,0.01,h,0.1,0.02,0.01,0.02,0.01,0.02,0.01,0.01,0.01,0.01,0.01,c,0.2,0.1,0.02,0.01,0.2,0.02,0.01,0.02,0.01,c,g,0.2,0.1,0.02,0.01,0.02,0.01,0.02,0.01,c,0.2,0.1,0.02,0.01,0.02,0.01,0.02,0.01,f,g,0.2,0.1,0.02,0.01,0.2,0.02,0.01,0.02,0.01,f,0.1,0.02,0.01,0.02,0.01,0.02,0.01,0.01,0.01,0.01,0.01,f,0.2,0.1,0.02,0.01,0.02,0.01,0.02,0.01,f,0.2,0.1,0.02,0.01,0.02,0.01,0.02,0.01,h,0.1,0.02,0.01,0.02,0.01,0.02,0.01,0.01,0.01,0.01,0.01,f,0.1,0.02,0.01,0.02,0.01,0.02,0.01,0.01,0.01,0.01,0.01,h,0.2,0.1,0.02,0.01,0.02,0.01,0.02,0.01,f,h,0.2,0.1,0.02,0.01,0.02,0.01,0.02,0.01,f,0.1,0.02,0.01,0.02,0.01,0.02,0.01,0.01,0.01,0.01,0.01,g,0.1,0.02,0.01,0.02,0.01,0.02,0.01,0.01,0.01,0.01,0.01,c,g,0.2,0.1,0.02,0.01,0.2,0.02,0.01,0.02,0.01,c,0.2,0.1,0.02,0.01,0.2,0.02,0.01,0.02,0.01,c,0.2,0.1,0.02,0.01,0.2,0.02,0.01,0.02,0.01,c,0.2,0.1,0.02,0.01,0.02,0.01,0.02,0.01,i,0.1,0.02,0.01,0.02,0.01,0.02,0.01,0.01,0.01,0.01,0.01,c,i,0.1,0.02,0.01,0.02,0.01,0.02,0.01,0.01,0.01,0.01,0.01,j,0.1,0.02,0.01,0.02,0.01,0.02,0.01,0.01,0.01,0.01,0.01,c,l,0.2,0.1,0.02,0.01,0.02,0.01,0.02,0.01,a,m,0.2,0.1,0.02,0.01,0.2,0.02,0.01,0.02,0.01,a,i,0.1,0.02,0.01,0.02,0.01,0.02,0.01,0.01,0.01,0.01,0.01,i,0.1,0.02,0.01,0.02,0.01,0.02,0.01,0.01,0.01,0.01,0.01,j,0.1,0.02,0.01,0.02,0.01,0.02,0.01,0.01,0.01,0.01,0.01,a,l,0.2,0.1,0.02,0.01,0.02,0.01,0.02,0.01,b,m,0.2,0.1,0.02,0.01,0.02,0.01,0.02,0.01,m,0.1,0.02,0.01,0.02,0.01,0.02,0.01,0.01,0.01,0.01,0.01,b,n,0.1,0.02,0.01,0.02,0.01,0.02,0.01,0.01,0.01,0.01,0.01,m,0.1,0.02,0.01,0.02,0.01,0.02,0.01,0.01,0.01,0.01,0.01,b,0.1,0.02,0.01,0.02,0.01,0.02,0.01,0.01,0.01,0.01,0.01,l,0.2,0.1,0.02,0.01,0.02,0.01,0.02,0.01,c,j,0.2,0.1,0.02,0.01,0.2,0.02,0.01,0.02,0.01,c,0.2,0.1,0.02,0.01,0.2,0.02,0.01,0.02,0.01,c,0.2,0.1,0.02,0.01,0.2,0.02,0.01,0.02,0.01,c,0.2,0.1,0.02,0.01,0.02,0.01,0.02,0.01,i,0.1,0.02,0.01,0.02,0.01,0.02,0.01,0.01,0.01,0.01,0.01,c,i,0.1,0.02,0.01,0.02,0.01,0.02,0.01,0.01,0.01,0.01,0.01,j,0.1,0.02,0.01,0.02,0.01,0.02,0.01,0.01,0.01,0.01,0.01,c,l,0.2,0.1,0.02,0.01,0.02,0.01,0.02,0.01,a,m,0.2,0.1,0.02,0.01,0.2,0.02,0.01,0.02,0.01,a,i,0.1,0.02,0.01,0.02,0.01,0.02,0.01,0.01,0.01,0.01,0.01,i,0.1,0.02,0.01,0.02,0.01,0.02,0.01,0.01,0.01,0.01,0.01,j,0.1,0.02,0.01,0.02,0.01,0.02,0.01,0.01,0.01,0.01,0.01,a,l,0.2,0.1,0.02,0.01,0.02,0.01,0.02,0.01,b,m,0.2,0.1,0.02,0.01,0.02,0.01,0.02,0.01,m,0.1,0.02,0.01,0.02,0.01,0.02,0.01,0.01,0.01,0.01,0.01,b,n,0.1,0.02,0.01,0.02,0.01,0.02,0.01,0.01,0.01,0.01,0.01,m,0.2,0.1,0.02,0.01,0.02,0.01,0.02,0.01,b,l,0.2,0.1,0.02,0.01,0.02,0.01,0.02,0.01,c,j,0.2,0.1,0.02,0.01,0.2,0.02,0.01,0.02,0.01,c,0.2,0.1,0.02,0.01,0.2,0.02,0.01,0.02,0.01,c,0.2,0.1,0.02,0.01,0.2,0.02,0.01,0.02,0.01,c,l,0.2,0.1,0.02,0.01,0.2,0.02,0.01,0.02,0.01,c,l,0.1,0.02,0.01,0.02,0.01,0.02,0.01,0.01,0.01,0.01,0.01,l,0.1,0.02,0.01,0.02,0.01,0.02,0.01,0.01,0.01,0.01,0.01,c,l,0.2,0.1,0.02,0.01,0.02,0.01,0.02,0.01,b,k,0.2,0.1,0.02,0.01,0.2,0.02,0.01,0.02,0.01,b,0.1,0.02,0.01,0.02,0.01,0.02,0.01,0.01,0.01,0.01,0.01,j,0.2,0.1,0.02,0.01,0.02,0.01,0.02,0.01,b,0.2,0.1,0.02,0.01,0.02,0.01,0.02,0.01,h,0.2,0.1,0.02,0.01,0.02,0.01,0.02,0.01,h,0.2,0.1,0.02,0.01,0.02,0.01,0.02,0.01,h,0.2,0.1,0.02,0.01,0.02,0.01,0.02,0.01,g,0.2,0.1,0.02,0.01,0.02,0.01,0.02,0.01,c,g,0.2,0.1,0.02,0.01,0.2,0.02,0.01,0.02,0.01,c,f,0.1,0.02,0.01,0.02,0.01,0.02,0.01,0.01,0.01,0.01,0.01,e,0.2,0.1,0.02,0.01,0.02,0.01,0.02,0.01,c,0.2,0.1,0.02,0.01,0.2,0.02,0.01,0.02,0.01,c,0.1,0.02,0.01,0.02,0.01,0.02,0.01,0.01,0.01,0.01,0.01,g,0.1,0.02,0.01,0.02,0.01,0.02,0.01,0.01,0.01,0.01,0.01,g,0.1,0.02,0.01,0.02,0.01,0.02,0.01,0.01,0.01,0.01,0.01,c,g,0.2,0.1,0.02,0.01,0.02,0.01,0.02,0.01,c,g,0.1,0.02,0.01,0.02,0.01,0.02,0.01,0.01,0.01,0.01,0.01,g,0.1,0.02,0.01,0.02,0.01,0.02,0.01,0.01,0.01,0.01,0.01,a,h,0.1,0.02,0.01,0.02,0.01,0.02,0.01,0.01,0.01,0.01,0.01,h,0.2,0.1,0.02,0.01,0.02,0.01,0.02,0.01,a,0.2,0.1,0.02,0.01,0.2,0.02,0.01,0.02,0.01,a,0.2,0.1,0.02,0.01,0.2,0.02,0.01,0.02,0.01,a,0.1,0.02,0.01,0.02,0.01,0.02,0.01,0.01,0.01,0.01,0.01,c,0.1,0.02,0.01,0.02,0.01,0.02,0.01,0.01,0.01,0.01,0.01,c,0.1,0.02,0.01,0.02,0.01,0.02,0.01,0.01,0.01,0.01,0.01,a,c,0.2,0.1,0.02,0.01,0.02,0.01,0.02,0.01,a,j,0.2,0.1,0.02,0.01,0.02,0.01,0.02,0.01,b,i,0.2,0.1,0.02,0.01,0.2,0.02,0.01,0.02,0.01,b,0.1,0.02,0.01,0.02,0.01,0.02,0.01,0.01,0.01,0.01,0.01,h,0.2,0.1,0.02,0.01,0.02,0.01,0.02,0.01,b,0.2,0.1,0.02,0.01,0.02,0.01,0.02,0.01,g,0.1,0.02,0.01,0.02,0.01,0.02,0.01,0.01,0.01,0.01,0.01,b,0.2,0.1,0.02,0.01,0.2,0.02,0.01,0.02,0.01,b,f,0.2,0.1,0.02,0.01,0.02,0.01,0.02,0.01,b,0.2,0.1,0.02,0.01,0.02,0.01,0.02,0.01,f,h,0.2,0.1,0.02,0.01,0.2,0.02,0.01,0.02,0.01,f,0.2,0.1,0.02,0.01,0.2,0.02,0.01,0.02,0.01,f,0.2,0.1,0.02,0.01,0.02,0.01,0.02,0.01,h,0.1,0.02,0.01,0.02,0.01,0.02,0.01,0.01,0.01,0.01,0.01,f,0.1,0.02,0.01,0.02,0.01,0.02,0.01,0.01,0.01,0.01,0.01,h,0.2,0.1,0.02,0.01,0.02,0.01,0.02,0.01,f,h,0.2,0.1,0.02,0.01,0.02,0.01,0.02,0.01,f,g,0.2,0.1,0.02,0.01,0.02,0.01,0.02,0.01,c,g,0.2,0.1,0.02,0.01,0.2,0.02,0.01,0.02,0.01,c,f,0.1,0.02,0.01,0.02,0.01,0.02,0.01,0.01,0.01,0.01,0.01,e,0.2,0.1,0.02,0.01,0.02,0.01,0.02,0.01,c,0.2,0.1,0.02,0.01,0.2,0.02,0.01,0.02,0.01,c,0.1,0.02,0.01,0.02,0.01,0.02,0.01,0.01,0.01,0.01,0.01,g,0.1,0.02,0.01,0.02,0.01,0.02,0.01,0.01,0.01,0.01,0.01,g,0.1,0.02,0.01,0.02,0.01,0.02,0.01,0.01,0.01,0.01,0.01,c,g,0.2,0.1,0.02,0.01,0.02,0.01,0.02,0.01,c,g,0.1,0.02,0.01,0.02,0.01,0.02,0.01,0.01,0.01,0.01,0.01,g,0.1,0.02,0.01,0.02,0.01,0.02,0.01,0.01,0.01,0.01,0.01,a,h,0.1,0.02,0.01,0.02,0.01,0.02,0.01,0.01,0.01,0.01,0.01,h,0.2,0.1,0.02,0.01,0.02,0.01,0.02,0.01,a,0.2,0.1,0.02,0.01,0.2,0.02,0.01,0.02,0.01,a,0.2,0.1,0.02,0.01,0.2,0.02,0.01,0.02,0.01,a,0.1,0.02,0.01,0.02,0.01,0.02,0.01,0.01,0.01,0.01,0.01,c,0.1,0.02,0.01,0.02,0.01,0.02,0.01,0.01,0.01,0.01,0.01,c,0.1,0.02,0.01,0.02,0.01,0.02,0.01,0.01,0.01,0.01,0.01,a,c,0.2,0.1,0.02,0.01,0.02,0.01,0.02,0.01,a,j,0.2,0.1,0.02,0.01,0.02,0.01,0.02,0.01,b,j,0.2,0.1,0.02,0.01,0.2,0.02,0.01,0.02,0.01,b,0.1,0.02,0.01,0.02,0.01,0.02,0.01,0.01,0.01,0.01,0.01,i,0.2,0.1,0.02,0.01,0.02,0.01,0.02,0.01,b,0.2,0.1,0.02,0.01,0.02,0.01,0.02,0.01,h,0.1,0.02,0.01,0.02,0.01,0.02,0.01,0.01,0.01,0.01,0.01,b,0.2,0.1,0.02,0.01,0.2,0.02,0.01,0.02,0.01,b,g,0.2,0.1,0.02,0.01,0.02,0.01,0.02,0.01,b,0.2,0.1,0.02,0.01,0.02,0.01,0.02,0.01,f,g,0.2,0.1,0.02,0.01,0.2,0.02,0.01,0.02,0.01,f,0.1,0.02,0.01,0.02,0.01,0.02,0.01,0.01,0.01,0.01,0.01,f,0.2,0.1,0.02,0.01,0.02,0.01,0.02,0.01,f,0.2,0.1,0.02,0.01,0.02,0.01,0.02,0.01,h,0.1,0.02,0.01,0.02,0.01,0.02,0.01,0.01,0.01,0.01,0.01,f,0.1,0.02,0.01,0.02,0.01,0.02,0.01,0.01,0.01,0.01,0.01,h,0.2,0.1,0.02,0.01,0.02,0.01,0.02,0.01,f,h,0.2,0.1,0.02,0.01,0.02,0.01,0.02,0.01,f,g,0.2,0.1,0.02,0.01,0.02,0.01,0.02,0.01,c,g,0.2,0.1,0.02,0.01,0.2,0.02,0.01,0.02,0.01,c,0.2,0.1,0.02,0.01,0.2,0.02,0.01,0.02,0.01,c,0.2,0.1,0.02,0.01,0.02,0.01,0.02,0.01,g,0.1,0.02,0.01,0.02,0.01,0.02,0.01,0.01,0.01,0.01,0.01,c,g,0.1,0.02,0.01,0.02,0.01,0.02,0.01,0.01,0.01,0.01,0.01,g,0.1,0.02,0.01,0.02,0.01,0.02,0.01,0.01,0.01,0.01,0.01,g,0.1,0.02,0.01,0.02,0.01,0.02,0.01,0.01,0.01,0.01,0.01,c,g,0.1,0.02,0.01,0.02,0.01,0.02,0.01,0.01,0.01,0.01,0.01,g,0.1,0.02,0.01,0.02,0.01,0.02,0.01,0.01,0.01,0.01,0.01,c,g,0.1,0.02,0.01,0.02,0.01,0.02,0.01,0.01,0.01,0.01,0.01,g,0.1,0.02,0.01,0.02,0.01,0.02,0.01,0.01,0.01,0.01,0.01,a,h,0.1,0.02,0.01,0.02,0.01,0.02,0.01,0.01,0.01,0.01,0.01,h,0.1,0.02,0.01,0.02,0.01,0.02,0.01,0.01,0.01,0.01,0.01,h,0.1,0.02,0.01,0.02,0.01,0.02,0.01,0.01,0.01,0.01,0.01,a,0.2,0.1,0.02,0.01,0.2,0.02,0.01,0.02,0.01,a,0.2,0.1,0.02,0.01,0.2,0.02,0.01,0.02,0.01,a,0.1,0.02,0.01,0.02,0.01,0.02,0.01,0.01,0.01,0.01,0.01,c,0.1,0.02,0.01,0.02,0.01,0.02,0.01,0.01,0.01,0.01,0.01,c,0.1,0.02,0.01,0.02,0.01,0.02,0.01,0.01,0.01,0.01,0.01,a,c,0.2,0.1,0.02,0.01,0.02,0.01,0.02,0.01,a,j,0.2,0.1,0.02,0.01,0.02,0.01,0.02,0.01,b,j,0.2,0.1,0.02,0.01,0.2,0.02,0.01,0.02,0.01,b,0.1,0.02,0.01,0.02,0.01,0.02,0.01,0.01,0.01,0.01,0.01,i,0.2,0.1,0.02,0.01,0.02,0.01,0.02,0.01,b,0.2,0.1,0.02,0.01,0.02,0.01,0.02,0.01,h,0.1,0.02,0.01,0.02,0.01,0.02,0.01,0.01,0.01,0.01,0.01,b,0.2,0.1,0.02,0.01,0.2,0.02,0.01,0.02,0.01,b,f,0.2,0.1,0.02,0.01,0.02,0.01,0.02,0.01,b,h,0.2,0.1,0.02,0.01,0.02,0.01,0.02,0.01,f,0.2,0.1,0.02,0.01,0.2,0.02,0.01,0.02,0.01,f,0.1,0.02,0.01,0.02,0.01,0.02,0.01,0.01,0.01,0.01,0.01,f,0.2,0.1,0.02,0.01,0.02,0.01,0.02,0.01,f,0.2,0.1,0.02,0.01,0.02,0.01,0.02,0.01,h,0.1,0.02,0.01,0.02,0.01,0.02,0.01,0.01,0.01,0.01,0.01,f,g,0.1,0.02,0.01,0.02,0.01,0.02,0.01,0.01,0.01,0.01,0.01,g,0.2,0.1,0.02,0.01,0.02,0.01,0.02,0.01,f,h,0.2,0.1,0.02,0.01,0.02,0.01,0.02,0.01,f,g,0.2,0.1,0.02,0.01,0.02,0.01,0.02,0.01,c,g,0.2,0.1,0.02,0.01,0.2,0.02,0.01,0.02,0.01,c,0.2,0.1,0.02,0.01,0.2,0.02,0.01,0.02,0.01,c,0.2,0.1,0.02,0.01,0.2,0.02,0.01,0.02,0.01,c,0.2,0.1,0.02,0.01,0.02,0.01,0.02,0.01,i,0.1,0.02,0.01,0.02,0.01,0.02,0.01,0.01,0.01,0.01,0.01,c,i,0.1,0.02,0.01,0.02,0.01,0.02,0.01,0.01,0.01,0.01,0.01,j,0.1,0.02,0.01,0.02,0.01,0.02,0.01,0.01,0.01,0.01,0.01,c,l,0.2,0.1,0.02,0.01,0.02,0.01,0.02,0.01,a,m,0.2,0.1,0.02,0.01,0.2,0.02,0.01,0.02,0.01,a,i,0.1,0.02,0.01,0.02,0.01,0.02,0.01,0.01,0.01,0.01,0.01,i,0.1,0.02,0.01,0.02,0.01,0.02,0.01,0.01,0.01,0.01,0.01,j,0.1,0.02,0.01,0.02,0.01,0.02,0.01,0.01,0.01,0.01,0.01,a,l,0.2,0.1,0.02,0.01,0.02,0.01,0.02,0.01,b,m,0.2,0.1,0.02,0.01,0.02,0.01,0.02,0.01,m,0.1,0.02,0.01,0.02,0.01,0.02,0.01,0.01,0.01,0.01,0.01,b,n,0.1,0.02,0.01,0.02,0.01,0.02,0.01,0.01,0.01,0.01,0.01,m,0.2,0.1,0.02,0.01,0.02,0.01,0.02,0.01,b,l,0.2,0.1,0.02,0.01,0.02,0.01,0.02,0.01,c,j,0.2,0.1,0.02,0.01,0.2,0.02,0.01,0.02,0.01,c,0.2,0.1,0.02,0.01,0.2,0.02,0.01,0.02,0.01,c,0.2,0.1,0.02,0.01,0.2,0.02,0.01,0.02,0.01,c,0.2,0.1,0.02,0.01,0.02,0.01,0.02,0.01,i,0.1,0.02,0.01,0.02,0.01,0.02,0.01,0.01,0.01,0.01,0.01,c,i,0.1,0.02,0.01,0.02,0.01,0.02,0.01,0.01,0.01,0.01,0.01,j,0.1,0.02,0.01,0.02,0.01,0.02,0.01,0.01,0.01,0.01,0.01,c,l,0.2,0.1,0.02,0.01,0.02,0.01,0.02,0.01,a,m,0.2,0.1,0.02,0.01,0.2,0.02,0.01,0.02,0.01,a,i,0.1,0.02,0.01,0.02,0.01,0.02,0.01,0.01,0.01,0.01,0.01,i,0.1,0.02,0.01,0.02,0.01,0.02,0.01,0.01,0.01,0.01,0.01,j,0.1,0.02,0.01,0.02,0.01,0.02,0.01,0.01,0.01,0.01,0.01,a,l,0.2,0.1,0.02,0.01,0.02,0.01,0.02,0.01,b,m,0.2,0.1,0.02,0.01,0.02,0.01,0.02,0.01,m,0.1,0.02,0.01,0.02,0.01,0.02,0.01,0.01,0.01,0.01,0.01,b,n,0.1,0.02,0.01,0.02,0.01,0.02,0.01,0.01,0.01,0.01,0.01,m,0.2,0.1,0.02,0.01,0.02,0.01,0.02,0.01,b,l,0.2,0.1,0.02,0.01,0.02,0.01,0.02,0.01,c,j,0.2,0.1,0.02,0.01,0.2,0.02,0.01,0.02,0.01,c,0.2,0.1,0.02,0.01,0.2,0.02,0.01,0.02,0.01,c,0.2,0.1,0.02,0.01,0.2,0.02,0.01,0.02,0.01,c,l,0.2,0.1,0.02,0.01,0.2,0.02,0.01,0.02,0.01,c,l,0.1,0.02,0.01,0.02,0.01,0.02,0.01,0.01,0.01,0.01,0.01,l,0.1,0.02,0.01,0.02,0.01,0.02,0.01,0.01,0.01,0.01,0.01,c,l,0.2,0.1,0.02,0.01,0.02,0.01,0.02,0.01,b,k,0.2,0.1,0.02,0.01,0.2,0.02,0.01,0.02,0.01,b,0.1,0.02,0.01,0.02,0.01,0.02,0.01,0.01,0.01,0.01,0.01,j,0.2,0.1,0.02,0.01,0.02,0.01,0.02,0.01,b,0.2,0.1,0.02,0.01,0.02,0.01,0.02,0.01,h,0.2,0.1,0.02,0.01,0.02,0.01,0.02,0.01,h,0.2,0.1,0.02,0.01,0.02,0.01,0.02,0.01,h,0.2,0.1,0.02,0.01,0.02,0.01,0.02,0.01,g,0.2,0.1,0.02,0.01,0.02,0.01,0.02,0.01,c,g,0.2,0.1,0.02,0.01,0.02,0.01,0.02,0.01,f,0.1,0.02,0.01,0.02,0.01,0.02,0.01,0.01,0.01,0.01,0.01,c,e,0.2,0.1,0.02,0.01,0.2,0.02,0.01,0.02,0.01,c,0.2,0.1,0.02,0.01,0.2,0.02,0.01,0.02,0.01,c,0.1,0.02,0.01,0.02,0.01,0.02,0.01,0.01,0.01,0.01,0.01,g,0.1,0.02,0.01,0.02,0.01,0.02,0.01,0.01,0.01,0.01,0.01,g,0.1,0.02,0.01,0.02,0.01,0.02,0.01,0.01,0.01,0.01,0.01,c,g,0.2,0.1,0.02,0.01,0.02,0.01,0.02,0.01,c,g,0.1,0.02,0.01,0.02,0.01,0.02,0.01,0.01,0.01,0.01,0.01,g,0.1,0.02,0.01,0.02,0.01,0.02,0.01,0.01,0.01,0.01,0.01,a,h,0.1,0.02,0.01,0.02,0.01,0.02,0.01,0.01,0.01,0.01,0.01,h,0.2,0.1,0.02,0.01,0.02,0.01,0.02,0.01,a,0.2,0.1,0.02,0.01,0.2,0.02,0.01,0.02,0.01,a,0.2,0.1,0.02,0.01,0.2,0.02,0.01,0.02,0.01,a,0.1,0.02,0.01,0.02,0.01,0.02,0.01,0.01,0.01,0.01,0.01,c,0.1,0.02,0.01,0.02,0.01,0.02,0.01,0.01,0.01,0.01,0.01,c,0.1,0.02,0.01,0.02,0.01,0.02,0.01,0.01,0.01,0.01,0.01,a,c,0.2,0.1,0.02,0.01,0.02,0.01,0.02,0.01,a,j,0.2,0.1,0.02,0.01,0.02,0.01,0.02,0.01,b,i,0.2,0.1,0.02,0.01,0.2,0.02,0.01,0.02,0.01,b,0.1,0.02,0.01,0.02,0.01,0.02,0.01,0.01,0.01,0.01,0.01,h,0.2,0.1,0.02,0.01,0.02,0.01,0.02,0.01,b,0.2,0.1,0.02,0.01,0.02,0.01,0.02,0.01,g,0.1,0.02,0.01,0.02,0.01,0.02,0.01,0.01,0.01,0.01,0.01,b,0.2,0.1,0.02,0.01,0.2,0.02,0.01,0.02,0.01,b,f,0.2,0.1,0.02,0.01,0.02,0.01,0.02,0.01,b,0.2,0.1,0.02,0.01,0.02,0.01,0.02,0.01,f,h,0.2,0.1,0.02,0.01,0.2,0.02,0.01,0.02,0.01,f,0.2,0.1,0.02,0.01,0.2,0.02,0.01,0.02,0.01,f,0.2,0.1,0.02,0.01,0.02,0.01,0.02,0.01,h,0.1,0.02,0.01,0.02,0.01,0.02,0.01,0.01,0.01,0.01,0.01,f,0.1,0.02,0.01,0.02,0.01,0.02,0.01,0.01,0.01,0.01,0.01,h,0.2,0.1,0.02,0.01,0.02,0.01,0.02,0.01,f,h,0.2,0.1,0.02,0.01,0.02,0.01,0.02,0.01,f,g,0.2,0.1,0.02,0.01,0.02,0.01,0.02,0.01,c,g,0.2,0.1,0.02,0.01,0.2,0.02,0.01,0.02,0.01,c,f,0.1,0.02,0.01,0.02,0.01,0.02,0.01,0.01,0.01,0.01,0.01,e,0.2,0.1,0.02,0.01,0.02,0.01,0.02,0.01,c,0.2,0.1,0.02,0.01,0.2,0.02,0.01,0.02,0.01,c,0.1,0.02,0.01,0.02,0.01,0.02,0.01,0.01,0.01,0.01,0.01,g,0.1,0.02,0.01,0.02,0.01,0.02,0.01,0.01,0.01,0.01,0.01,g,0.1,0.02,0.01,0.02,0.01,0.02,0.01,0.01,0.01,0.01,0.01,c,g,0.2,0.1,0.02,0.01,0.02,0.01,0.02,0.01,c,g,0.1,0.02,0.01,0.02,0.01,0.02,0.01,0.01,0.01,0.01,0.01,g,0.1,0.02,0.01,0.02,0.01,0.02,0.01,0.01,0.01,0.01,0.01,a,h,0.1,0.02,0.01,0.02,0.01,0.02,0.01,0.01,0.01,0.01,0.01,h,0.2,0.1,0.02,0.01,0.02,0.01,0.02,0.01,a,0.2,0.1,0.02,0.01,0.2,0.02,0.01,0.02,0.01,a,0.2,0.1,0.02,0.01,0.2,0.02,0.01,0.02,0.01,a,0.1,0.02,0.01,0.02,0.01,0.02,0.01,0.01,0.01,0.01,0.01,c,0.1,0.02,0.01,0.02,0.01,0.02,0.01,0.01,0.01,0.01,0.01,c,0.1,0.02,0.01,0.02,0.01,0.02,0.01,0.01,0.01,0.01,0.01,a,c,0.2,0.1,0.02,0.01,0.02,0.01,0.02,0.01,a,j,0.2,0.1,0.02,0.01,0.02,0.01,0.02,0.01,b,j,0.2,0.1,0.02,0.01,0.2,0.02,0.01,0.02,0.01,b,0.1,0.02,0.01,0.02,0.01,0.02,0.01,0.01,0.01,0.01,0.01,i,0.2,0.1,0.02,0.01,0.02,0.01,0.02,0.01,b,0.2,0.1,0.02,0.01,0.02,0.01,0.02,0.01,h,0.1,0.02,0.01,0.02,0.01,0.02,0.01,0.01,0.01,0.01,0.01,b,0.2,0.1,0.02,0.01,0.2,0.02,0.01,0.02,0.01,b,g,0.2,0.1,0.02,0.01,0.02,0.01,0.02,0.01,b,0.2,0.1,0.02,0.01,0.02,0.01,0.02,0.01,f,g,0.2,0.1,0.02,0.01,0.2,0.02,0.01,0.02,0.01,f,0.1,0.02,0.01,0.02,0.01,0.02,0.01,0.01,0.01,0.01,0.01,f,0.2,0.1,0.02,0.01,0.02,0.01,0.02,0.01,f,0.2,0.1,0.02,0.01,0.02,0.01,0.02,0.01,h,0.1,0.02,0.01,0.02,0.01,0.02,0.01,0.01,0.01,0.01,0.01,f,0.1,0.02,0.01,0.02,0.01,0.02,0.01,0.01,0.01,0.01,0.01,h,0.2,0.1,0.02,0.01,0.02,0.01,0.02,0.01,f,h,0.2,0.1,0.02,0.01,0.02,0.01,0.02,0.01,f,g,0.2,0.1,0.02,0.01,0.02,0.01,0.02,0.01,a,g,0.2,0.1,0.02,0.01,0.02,0.01,0.02,0.01,a,0.2,0.1,0.02,0.01,0.02,0.01,0.02,0.01,a,0.2,0.1,0.02,0.01,0.02,0.01,0.02,0.01,a,0.2,0.1,0.02,0.01,0.02,0.01,0.02,0.01,a,0.2,0.1,0.02,0.01,0.02,0.01,0.02,0.01,a,0.2,0.1,0.02,0.01,0.02,0.01,0.02,0.01,a,0.2,0.1,0.02,0.01,0.02,0.01,0.02,0.01,a,0.2,0.1,0.02,0.01,0.02,0.01,0.02,0.01,b,0.2,0.1,0.02,0.01,0.02,0.01,0.02,0.01,b,0.2,0.1,0.02,0.01,0.02,0.01,0.02,0.01,b,0.2,0.1,0.02,0.01,0.02,0.01,0.02,0.01,b,j,0.1,0.02,0.01,0.02,0.01,0.02,0.01,0.01,0.01,0.01,0.01,j,0.1,0.02,0.01,0.02,0.01,0.02,0.01,0.01,0.01,0.01,0.01,b,m,0.2,0.1,0.02,0.01,0.02,0.01,0.02,0.01,b,0.2,0.1,0.02,0.01,0.02,0.01,0.02,0.01,b,l,0.1,0.02,0.01,0.02,0.01,0.02,0.01,0.01,0.01,0.01,0.01,m,0.1,0.02,0.01,0.02,0.01,0.02,0.01,0.01,0.01,0.01,0.01,b,l,0.1,0.02,0.01,0.02,0.01,0.02,0.01,0.01,0.01,0.01,0.01,k,0.1,0.02,0.01,0.02,0.01,0.02,0.01,0.01,0.01,0.01,0.01,f,j,0.2,0.1,0.02,0.01,0.02,0.01,0.02,0.01,f,0.2,0.1,0.02,0.01,0.02,0.01,0.02,0.01,f,i,0.2,0.1,0.02,0.01,0.02,0.01,0.02,0.01,f,0.2,0.1,0.02,0.01,0.02,0.01,0.02,0.01,f,h,0.2,0.1,0.02,0.01,0.02,0.01,0.02,0.01,f,0.2,0.1,0.02,0.01,0.02,0.01,0.02,0.01,f,i,0.2,0.1,0.02,0.01,0.02,0.01,0.02,0.01,f,g,0.2,0.1,0.02,0.01,0.02,0.01,0.02,0.01,c,0.2,0.1,0.02,0.01,0.02,0.01,0.02,0.01,c,0.2,0.1,0.02,0.01,0.02,0.01,0.02,0.01,c,0.2,0.1,0.02,0.01,0.02,0.01,0.02,0.01,c,0.2,0.1,0.02,0.01,0.02,0.01,0.02,0.01,c,h,0.2,0.1,0.02,0.01,0.02,0.01,0.02,0.01,c,h,0.2,0.1,0.02,0.01,0.02,0.01,0.02,0.01,c,h,0.2,0.1,0.02,0.01,0.02,0.01,0.02,0.01,c,g,0.2,0.1,0.02,0.01,0.02,0.01,0.02,0.01,a,g,0.2,0.1,0.02,0.01,0.02,0.01,0.02,0.01,a,0.2,0.1,0.02,0.01,0.02,0.01,0.02,0.01,a,c,0.2,0.1,0.02,0.01,0.02,0.01,0.02,0.01,a,0.2,0.1,0.02,0.01,0.02,0.01,0.02,0.01,a,e,0.2,0.1,0.02,0.01,0.02,0.01,0.02,0.01,a,0.2,0.1,0.02,0.01,0.02,0.01,0.02,0.01,a,g,0.2,0.1,0.02,0.01,0.02,0.01,0.02,0.01,a,0.2,0.1,0.02,0.01,0.02,0.01,0.02,0.01,b,f,0.2,0.1,0.02,0.01,0.02,0.01,0.02,0.01,b,0.2,0.1,0.02,0.01,0.02,0.01,0.02,0.01,b,0.2,0.1,0.02,0.01,0.02,0.01,0.02,0.01,b,f,0.1,0.02,0.01,0.02,0.01,0.02,0.01,0.01,0.01,0.01,0.01,g,0.1,0.02,0.01,0.02,0.01,0.02,0.01,0.01,0.01,0.01,0.01,b,f,0.2,0.1,0.02,0.01,0.02,0.01,0.02,0.01,b,e,0.2,0.1,0.02,0.01,0.02,0.01,0.02,0.01,b,o,0.1,0.02,0.01,0.02,0.01,0.02,0.01,0.01,0.01,0.01,0.01,o,0.1,0.02,0.01,0.02,0.01,0.02,0.01,0.01,0.01,0.01,0.01,b,o,0.2,0.1,0.02,0.01,0.02,0.01,0.02,0.01,f,n,0.2,0.1,0.02,0.01,0.02,0.01,0.02,0.01,f,0.2,0.1,0.02,0.01,0.02,0.01,0.02,0.01,f,m,0.2,0.1,0.02,0.01,0.02,0.01,0.02,0.01,f,0.2,0.1,0.02,0.01,0.02,0.01,0.02,0.01,f,l,0.2,0.1,0.02,0.01,0.02,0.01,0.02,0.01,f,0.2,0.1,0.02,0.01,0.02,0.01,0.02,0.01,f,k,0.1,0.02,0.01,0.02,0.01,0.02,0.01,0.01,0.01,0.01,0.01,k,0.1,0.02,0.01,0.02,0.01,0.02,0.01,0.01,0.01,0.01,0.01,f,k,0.2,0.1,0.02,0.01,0.02,0.01,0.02,0.01,c,k,0.2,0.1,0.02,0.01,0.02,0.01,0.02,0.01,c,0.2,0.1,0.02,0.01,0.02,0.01,0.02,0.01,c,j,0.2,0.1,0.02,0.01,0.02,0.01,0.02,0.01,c,0.2,0.1,0.02,0.01,0.02,0.01,0.02,0.01,h,0.2,0.1,0.02,0.01,0.02,0.01,0.02,0.01,h,0.2,0.1,0.02,0.01,0.02,0.01,0.02,0.01,h,0.1,0.02,0.01,0.02,0.01,0.02,0.01,0.01,0.01,0.01,0.01,g,0.1,0.02,0.01,0.02,0.01,0.02,0.01,0.01,0.01,0.01,0.01,g,0.2,0.1,0.02,0.01,0.02,0.01,0.02,0.01,c,g,0.2,0.1,0.02,0.01,0.2,0.02,0.01,0.02,0.01,c,f,0.1,0.02,0.01,0.02,0.01,0.02,0.01,0.01,0.01,0.01,0.01,e,0.2,0.1,0.02,0.01,0.02,0.01,0.02,0.01,c,0.2,0.1,0.02,0.01,0.2,0.02,0.01,0.02,0.01,c,0.1,0.02,0.01,0.02,0.01,0.02,0.01,0.01,0.01,0.01,0.01,g,0.1,0.02,0.01,0.02,0.01,0.02,0.01,0.01,0.01,0.01,0.01,g,0.1,0.02,0.01,0.02,0.01,0.02,0.01,0.01,0.01,0.01,0.01,c,g,0.2,0.1,0.02,0.01,0.02,0.01,0.02,0.01,c,g,0.1,0.02,0.01,0.02,0.01,0.02,0.01,0.01,0.01,0.01,0.01,g,0.1,0.02,0.01,0.02,0.01,0.02,0.01,0.01,0.01,0.01,0.01,a,h,0.1,0.02,0.01,0.02,0.01,0.02,0.01,0.01,0.01,0.01,0.01,h,0.2,0.1,0.02,0.01,0.02,0.01,0.02,0.01,a,0.2,0.1,0.02,0.01,0.2,0.02,0.01,0.02,0.01,a,0.2,0.1,0.02,0.01,0.2,0.02,0.01,0.02,0.01,a,0.1,0.02,0.01,0.02,0.01,0.02,0.01,0.01,0.01,0.01,0.01,c,0.1,0.02,0.01,0.02,0.01,0.02,0.01,0.01,0.01,0.01,0.01,c,0.1,0.02,0.01,0.02,0.01,0.02,0.01,0.01,0.01,0.01,0.01,a,c,0.2,0.1,0.02,0.01,0.02,0.01,0.02,0.01,a,j,0.2,0.1,0.02,0.01,0.02,0.01,0.02,0.01,b,i,0.2,0.1,0.02,0.01,0.2,0.02,0.01,0.02,0.01,b,0.1,0.02,0.01,0.02,0.01,0.02,0.01,0.01,0.01,0.01,0.01,h,0.2,0.1,0.02,0.01,0.02,0.01,0.02,0.01,b,0.2,0.1,0.02,0.01,0.02,0.01,0.02,0.01,g,0.1,0.02,0.01,0.02,0.01,0.02,0.01,0.01,0.01,0.01,0.01,b,0.2,0.1,0.02,0.01,0.2,0.02,0.01,0.02,0.01,b,f,0.2,0.1,0.02,0.01,0.02,0.01,0.02,0.01,b,0.2,0.1,0.02,0.01,0.02,0.01,0.02,0.01,f,h,0.2,0.1,0.02,0.01,0.2,0.02,0.01,0.02,0.01,f,0.2,0.1,0.02,0.01,0.2,0.02,0.01,0.02,0.01,f,0.2,0.1,0.02,0.01,0.02,0.01,0.02,0.01,h,0.1,0.02,0.01,0.02,0.01,0.02,0.01,0.01,0.01,0.01,0.01,f,0.1,0.02,0.01,0.02,0.01,0.02,0.01,0.01,0.01,0.01,0.01,h,0.2,0.1,0.02,0.01,0.02,0.01,0.02,0.01,f,h,0.2,0.1,0.02,0.01,0.02,0.01,0.02,0.01,f,g,0.2,0.1,0.02,0.01,0.02,0.01,0.02,0.01,c,g,0.2,0.1,0.02,0.01,0.2,0.02,0.01,0.02,0.01,c,f,0.1,0.02,0.01,0.02,0.01,0.02,0.01,0.01,0.01,0.01,0.01,e,0.2,0.1,0.02,0.01,0.02,0.01,0.02,0.01,c,0.2,0.1,0.02,0.01,0.2,0.02,0.01,0.02,0.01,c,0.1,0.02,0.01,0.02,0.01,0.02,0.01,0.01,0.01,0.01,0.01,g,0.1,0.02,0.01,0.02,0.01,0.02,0.01,0.01,0.01,0.01,0.01,g,0.1,0.02,0.01,0.02,0.01,0.02,0.01,0.01,0.01,0.01,0.01,c,g,0.2,0.1,0.02,0.01,0.02,0.01,0.02,0.01,c,g,0.1,0.02,0.01,0.02,0.01,0.02,0.01,0.01,0.01,0.01,0.01,g,0.1,0.02,0.01,0.02,0.01,0.02,0.01,0.01,0.01,0.01,0.01,a,h,0.1,0.02,0.01,0.02,0.01,0.02,0.01,0.01,0.01,0.01,0.01,h,0.2,0.1,0.02,0.01,0.02,0.01,0.02,0.01,a,0.2,0.1,0.02,0.01,0.2,0.02,0.01,0.02,0.01,a,0.2,0.1,0.02,0.01,0.2,0.02,0.01,0.02,0.01,a,0.1,0.02,0.01,0.02,0.01,0.02,0.01,0.01,0.01,0.01,0.01,c,0.1,0.02,0.01,0.02,0.01,0.02,0.01,0.01,0.01,0.01,0.01,c,0.1,0.02,0.01,0.02,0.01,0.02,0.01,0.01,0.01,0.01,0.01,a,c,0.2,0.1,0.02,0.01,0.02,0.01,0.02,0.01,a,j,0.2,0.1,0.02,0.01,0.02,0.01,0.02,0.01,b,i,0.2,0.1,0.02,0.01,0.2,0.02,0.01,0.02,0.01,b,0.1,0.02,0.01,0.02,0.01,0.02,0.01,0.01,0.01,0.01,0.01,h,0.2,0.1,0.02,0.01,0.02,0.01,0.02,0.01,b,0.2,0.1,0.02,0.01,0.02,0.01,0.02,0.01,g,0.1,0.02,0.01,0.02,0.01,0.02,0.01,0.01,0.01,0.01,0.01,b,0.2,0.1,0.02,0.01,0.2,0.02,0.01,0.02,0.01,b,f,0.2,0.1,0.02,0.01,0.02,0.01,0.02,0.01,b,0.2,0.1,0.02,0.01,0.02,0.01,0.02,0.01,f,h,0.2,0.1,0.02,0.01,0.2,0.02,0.01,0.02,0.01,f,0.2,0.1,0.02,0.01,0.2,0.02,0.01,0.02,0.01,f,0.2,0.1,0.02,0.01,0.02,0.01,0.02,0.01,h,0.1,0.02,0.01,0.02,0.01,0.02,0.01,0.01,0.01,0.01,0.01,f,0.1,0.02,0.01,0.02,0.01,0.02,0.01,0.01,0.01,0.01,0.01,h,0.2,0.1,0.02,0.01,0.02,0.01,0.02,0.01,f,h,0.2,0.1,0.02,0.01,0.02,0.01,0.02,0.01,f,g,0.2,0.1,0.02,0.01,0.02,0.01,0.02,0.01,c,g,0.2,0.1,0.02,0.01,0.2,0.02,0.01,0.02,0.01,c,0.2,0.1,0.02,0.01,0.2,0.02,0.01,0.02,0.01,c,0.2,0.1,0.02,0.01,0.2,0.02,0.01,0.02,0.01,c,0.2,0.1,0.02,0.01,0.2,0.02,0.01,0.02,0.01,c,0.2,0.1,0.02,0.01,0.02,0.01,0.02,0.01,c,0.2,0.1,0.02,0.01,0.02,0.01,0.02,0.01,c,e,g,0.2,0.1,0.02,0.01,0.2,0.02,0.01,0.02,0.01,c,e,g,0.2,0.1,0.02,0.01,0.2,0.02,0.01,0.02,0.01,c,e,g,0.2,0.1,0.02,0.01,0.2,0.02,0.01,0.02,0.01,c,e,g,0.2,0.1,0.02,0.01,0.2,0.02,0.01,0.02,0.01,c,e,g,0.2,0.1,0.02,0.01,0.02,0.01,0.02,0.01,c,e,g,0.2,0.1,0.02,0.01,0.02,0.01,0.02,0.01,c,e,h,0.2,0.1,0.02,0.01,0.2,0.02,0.01,0.02,0.01,c,e,h,0.2,0.1,0.02,0.01,0.2,0.02,0.01,0.02,0.01,c,e,h,0.2,0.1,0.02,0.01,0.2,0.02,0.01,0.02,0.01,c,e,h,0.2,0.1,0.02,0.01,0.2,0.02,0.01,0.02,0.01,c,e,h,0.2,0.1,0.02,0.01,0.02,0.01,0.02,0.01,c,e,h,0.2,0.1,0.02,0.01,0.02,0.01,0.02,0.01,b,d,f,0.2,0.1,0.02,0.01,0.2,0.02,0.01,0.02,0.01,b,d,f,0.2,0.1,0.02,0.01,0.2,0.02,0.01,0.02,0.01,b,d,f,0.2,0.1,0.02,0.01,0.2,0.02,0.01,0.02,0.01,b,d,f,0.2,0.1,0.02,0.01,0.2,0.02,0.01,0.02,0.01,b,d,f,0.2,0.1,0.02,0.01,0.02,0.01,0.02,0.01,b,d,f,0.2,0.1,0.02,0.01,0.02,0.01,0.02,0.01,c,e,h,0.2,0.1,0.02,0.01,0.2,0.02,0.01,0.02,0.01,c,e,h,0.2,0.1,0.02,0.01,0.2,0.02,0.01,0.02,0.01,c,e,h,0.2,0.1,0.02,0.01,0.02,0.01,0.02,0.01,h,0.2,0.1,0.02,0.01,0.02,0.01,0.02,0.01,h,0.2,0.1,0.02,0.01,0.02,0.01,0.02,0.01,h,0.2,0.1,0.02,0.01,0.02,0.01,0.02,0.01,g,0.01,0.01,0.01,0.01,









