a,l,0.2,0.1,0.02,0.01,0.2,0.1,0.02,0.01,0.1,0.02,0.01,0.01,a,c,e,0.2,0.1,0.02,0.01,0.2,0.1,0.02,0.01,0.1,0.02,0.01,0.01,a,c,e,0.2,0.1,0.02,0.01,0.2,0.1,0.02,0.01,0.1,0.02,0.01,0.01,a,c,e,j,0.2,0.01,0.01,0.01,i,0.2,0.01,0.01,0.01,h,0.2,0.1,0.02,0.01,0.02,0.01,0.02,0.01,0.01,a,m,0.2,0.1,0.02,0.01,0.2,0.1,0.02,0.01,0.1,0.02,0.01,0.01,a,d,e,0.2,0.1,0.02,0.01,0.2,0.1,0.02,0.01,0.1,0.02,0.01,0.01,a,d,e,m,0.2,0.1,0.02,0.01,0.2,0.1,0.02,0.01,0.1,0.02,0.01,0.01,a,d,e,l,0.2,0.1,0.02,0.01,0.2,0.1,0.02,0.01,0.1,0.02,0.01,0.01,a,l,0.2,0.1,0.02,0.01,0.2,0.1,0.02,0.01,0.1,0.02,0.01,0.01,a,c,e,0.2,0.1,0.02,0.01,0.2,0.1,0.02,0.01,0.1,0.02,0.01,0.01,a,c,e,0.2,0.1,0.02,0.01,0.2,0.1,0.02,0.01,0.1,0.02,0.01,0.01,a,c,e,j,0.2,0.01,0.01,0.01,i,0.2,0.01,0.01,0.01,h,0.2,0.1,0.02,0.01,0.02,0.01,0.02,0.01,0.01,a,i,0.2,0.1,0.02,0.01,0.2,0.1,0.02,0.01,0.1,0.02,0.01,0.01,a,d,e,0.2,0.1,0.02,0.01,0.2,0.1,0.02,0.01,0.1,0.02,0.01,0.01,a,d,e,k,0.2,0.1,0.02,0.01,0.2,0.1,0.02,0.01,0.1,0.02,0.01,0.01,j,0.2,0.1,0.02,0.01,0.2,0.1,0.02,0.01,0.1,0.02,0.01,0.01,a,c,0.2,0.1,0.02,0.01,0.2,0.1,0.02,0.01,0.1,0.02,0.01,0.01,a,c,0.2,0.1,0.02,0.01,0.2,0.02,0.01,0.02,0.01,0.01,e,0.2,0.01,0.01,0.01,a,c,j,0.2,0.1,0.02,0.01,0.02,0.01,0.02,0.01,0.01,i,0.2,0.01,0.01,0.01,i,0.2,0.01,0.01,0.01,a,c,0.2,0.1,0.02,0.01,0.02,0.01,0.02,0.01,0.01,h,0.2,0.01,0.01,0.01,h,0.2,0.01,0.01,0.01,a,c,0.2,0.1,0.02,0.01,0.2,0.1,0.02,0.01,0.1,0.02,0.01,0.01,a,c,0.2,0.1,0.02,0.01,0.2,0.02,0.01,0.02,0.01,0.01,e,0.2,0.01,0.01,0.01,a,c,j,0.2,0.1,0.02,0.01,0.02,0.01,0.02,0.01,0.01,i,0.2,0.01,0.01,0.01,i,0.2,0.01,0.01,0.01,a,c,0.2,0.1,0.02,0.01,0.02,0.01,0.02,0.01,0.01,h,0.2,0.01,0.01,0.01,h,0.2,0.01,0.01,0.01,a,c,0.2,0.1,0.02,0.01,0.02,0.01,0.02,0.01,0.01,f,0.2,0.1,0.02,0.01,0.02,0.01,0.02,0.01,0.01,a,c,0.2,0.1,0.02,0.01,0.2,0.02,0.01,0.02,0.01,0.01,e,0.2,0.01,0.01,0.01,a,c,j,0.2,0.1,0.02,0.01,0.02,0.01,0.02,0.01,0.01,i,0.2,0.01,0.01,0.01,i,0.2,0.01,0.01,0.01,a,c,0.2,0.1,0.02,0.01,0.02,0.01,0.02,0.01,0.01,h,0.2,0.01,0.01,0.01,k,0.2,0.01,0.01,0.01,a,d,0.2,0.1,0.02,0.01,0.02,0.01,0.02,0.01,0.01,j,0.2,0.1,0.02,0.01,0.02,0.01,0.02,0.01,0.01,a,d,0.2,0.1,0.02,0.01,0.2,0.02,0.01,0.02,0.01,0.01,h,0.2,0.01,0.01,0.01,a,d,l,0.2,0.1,0.02,0.01,0.02,0.01,0.02,0.01,0.01,j,0.2,0.01,0.01,0.01,i,0.2,0.01,0.01,0.01,a,d,0.2,0.1,0.02,0.01,0.02,0.01,0.02,0.01,0.01,h,0.2,0.1,0.02,0.01,0.02,0.01,0.02,0.01,0.01,a,d,0.2,0.1,0.02,0.01,0.02,0.01,0.02,0.01,0.01,f,0.2,0.1,0.02,0.01,0.02,0.01,0.02,0.01,0.01,a,d,0.2,0.1,0.02,0.01,0.2,0.1,0.02,0.01,0.1,0.02,0.01,0.01,a,d,l,0.2,0.1,0.02,0.01,0.02,0.01,0.02,0.01,0.01,j,0.2,0.01,0.01,0.01,i,0.2,0.01,0.01,0.01,a,d,0.2,0.1,0.02,0.01,0.02,0.01,0.02,0.01,0.01,h,0.2,0.01,0.01,0.01,i,0.2,0.01,0.01,0.01,b,e,0.2,0.1,0.02,0.01,0.2,0.1,0.02,0.01,0.1,0.02,0.01,0.01,b,e,0.2,0.1,0.02,0.01,0.2,0.1,0.02,0.01,0.1,0.02,0.01,0.01,d,e,h,k,0.2,0.1,0.02,0.01,0.2,0.1,0.02,0.01,0.1,0.02,0.01,0.01,j,0.2,0.1,0.02,0.01,0.2,0.1,0.02,0.01,0.1,0.02,0.01,0.01,a,c,0.2,0.1,0.02,0.01,0.2,0.1,0.02,0.01,0.1,0.02,0.01,0.01,a,c,0.2,0.1,0.02,0.01,0.2,0.02,0.01,0.02,0.01,0.01,e,0.2,0.01,0.01,0.01,a,c,j,0.2,0.1,0.02,0.01,0.02,0.01,0.02,0.01,0.01,i,0.2,0.01,0.01,0.01,i,0.2,0.01,0.01,0.01,a,c,0.2,0.1,0.02,0.01,0.02,0.01,0.02,0.01,0.01,h,0.2,0.01,0.01,0.01,h,0.2,0.01,0.01,0.01,a,c,0.2,0.1,0.02,0.01,0.2,0.1,0.02,0.01,0.1,0.02,0.01,0.01,a,c,0.2,0.1,0.02,0.01,0.2,0.02,0.01,0.02,0.01,0.01,e,0.2,0.01,0.01,0.01,a,c,j,0.2,0.1,0.02,0.01,0.02,0.01,0.02,0.01,0.01,i,0.2,0.01,0.01,0.01,i,0.2,0.01,0.01,0.01,a,c,0.2,0.1,0.02,0.01,0.02,0.01,0.02,0.01,0.01,h,0.2,0.01,0.01,0.01,h,0.2,0.01,0.01,0.01,a,c,0.2,0.1,0.02,0.01,0.02,0.01,0.02,0.01,0.01,f,0.2,0.1,0.02,0.01,0.02,0.01,0.02,0.01,0.01,a,c,0.2,0.1,0.02,0.01,0.2,0.02,0.01,0.02,0.01,0.01,e,0.2,0.01,0.01,0.01,a,c,j,0.2,0.1,0.02,0.01,0.02,0.01,0.02,0.01,0.01,i,0.2,0.01,0.01,0.01,i,0.2,0.01,0.01,0.01,a,c,0.2,0.1,0.02,0.01,0.02,0.01,0.02,0.01,0.01,h,0.2,0.01,0.01,0.01,k,0.2,0.01,0.01,0.01,a,d,0.2,0.1,0.02,0.01,0.02,0.01,0.02,0.01,0.01,j,0.2,0.1,0.02,0.01,0.02,0.01,0.02,0.01,0.01,a,d,0.2,0.1,0.02,0.01,0.2,0.02,0.01,0.02,0.01,0.01,h,0.2,0.01,0.01,0.01,a,d,l,0.2,0.1,0.02,0.01,0.02,0.01,0.02,0.01,0.01,j,0.2,0.01,0.01,0.01,i,0.2,0.01,0.01,0.01,a,d,0.2,0.1,0.02,0.01,0.02,0.01,0.02,0.01,0.01,h,0.2,0.1,0.02,0.01,0.02,0.01,0.02,0.01,0.01,a,d,0.2,0.1,0.02,0.01,0.02,0.01,0.02,0.01,0.01,f,0.2,0.1,0.02,0.01,0.02,0.01,0.02,0.01,0.01,a,d,0.2,0.1,0.02,0.01,0.2,0.1,0.02,0.01,0.1,0.02,0.01,0.01,a,d,l,0.2,0.1,0.02,0.01,0.02,0.01,0.02,0.01,0.01,j,0.2,0.01,0.01,0.01,i,0.2,0.01,0.01,0.01,a,d,0.2,0.1,0.02,0.01,0.02,0.01,0.02,0.01,0.01,h,0.2,0.01,0.01,0.01,h,0.2,0.01,0.01,0.01,a,e,0.2,0.1,0.02,0.01,0.2,0.1,0.02,0.01,0.1,0.02,0.01,0.01,a,e,0.2,0.1,0.02,0.01,0.2,0.1,0.02,0.01,0.1,0.02,0.01,0.01,a,e,l,0.2,0.1,0.02,0.01,0.02,0.01,0.02,0.01,0.01,j,0.2,0.01,0.01,0.01,i,0.2,0.01,0.01,0.01,a,e,0.2,0.1,0.02,0.01,0.02,0.01,0.02,0.01,0.01,h,0.2,0.1,0.02,0.01,0.02,0.01,0.02,0.01,0.01,a,d,0.2,0.1,0.02,0.01,0.02,0.01,0.02,0.01,0.01,f,0.2,0.1,0.02,0.01,0.02,0.01,0.02,0.01,0.01,a,d,0.2,0.1,0.02,0.01,0.2,0.1,0.02,0.01,0.1,0.02,0.01,0.01,a,d,0.2,0.1,0.02,0.01,0.2,0.1,0.02,0.01,0.1,0.02,0.01,0.01,a,d,0.2,0.1,0.02,0.01,0.02,0.01,0.02,0.01,0.01,h,0.2,0.01,0.01,0.01,i,0.2,0.01,0.01,0.01,c,f,j,0.2,0.1,0.02,0.01,0.02,0.01,0.02,0.01,0.01,j,0.2,0.01,0.01,0.01,j,0.2,0.01,0.01,0.01,c,f,0.2,0.01,0.01,0.01,k,0.2,0.1,0.02,0.01,0.02,0.01,0.02,0.01,0.01,j,0.2,0.01,0.01,0.01,c,f,i,0.2,0.1,0.02,0.01,0.2,0.1,0.02,0.01,0.1,0.02,0.01,0.01,c,f,0.2,0.1,0.02,0.01,0.02,0.01,0.02,0.01,0.01,i,0.2,0.01,0.01,0.01,j,0.2,0.01,0.01,0.01,b,f,k,0.2,0.1,0.02,0.01,0.02,0.01,0.02,0.01,0.01,j,0.2,0.01,0.01,0.01,i,0.2,0.01,0.01,0.01,b,f,0.2,0.1,0.02,0.01,0.02,0.01,0.02,0.01,0.01,h,0.2,0.1,0.02,0.01,0.02,0.01,0.02,0.01,0.01,b,f,0.2,0.1,0.02,0.01,0.02,0.01,0.02,0.01,0.01,j,0.2,0.01,0.01,0.01,i,0.2,0.01,0.01,0.01,b,f,0.2,0.1,0.02,0.01,0.2,0.1,0.02,0.01,0.1,0.02,0.01,0.01,b,e,g,0.2,0.1,0.02,0.01,0.02,0.01,0.02,0.01,0.01,b,e,0.2,0.1,0.02,0.01,0.02,0.01,0.02,0.01,0.01,e,g,0.2,0.1,0.02,0.01,0.02,0.01,0.02,0.01,0.01,e,0.2,0.1,0.02,0.01,0.02,0.01,0.02,0.01,0.01,b,d,e,i,0.2,0.1,0.02,0.01,0.02,0.01,0.02,0.01,0.01,h,0.2,0.01,0.01,0.01,i,0.2,0.01,0.01,0.01,b,d,e,0.2,0.1,0.02,0.01,0.02,0.01,0.02,0.01,0.01,h,0.2,0.01,0.01,0.01,h,0.2,0.01,0.01,0.01,o,0.2,0.01,0.01,0.01,l,0.2,0.01,0.01,0.01,j,0.2,0.01,0.01,0.01,l,0.2,0.01,0.01,0.01,o,0.2,0.01,0.01,0.01,l,0.2,0.01,0.01,0.01,j,0.2,0.01,0.01,0.01,l,0.2,0.01,0.01,0.01,n,0.2,0.01,0.01,0.01,l,0.2,0.01,0.01,0.01,j,0.2,0.01,0.01,0.01,l,0.2,0.01,0.01,0.01,n,0.2,0.01,0.01,0.01,l,0.2,0.01,0.01,0.01,j,0.2,0.01,0.01,0.01,l,0.2,0.01,0.01,0.01,m,0.2,0.01,0.01,0.01,l,0.2,0.01,0.01,0.01,j,0.2,0.01,0.01,0.01,l,0.2,0.01,0.01,0.01,m,0.2,0.01,0.01,0.01,l,0.2,0.01,0.01,0.01,j,0.2,0.01,0.01,0.01,e,l,0.2,0.01,0.01,0.01,a,c,f,h,0.2,0.1,0.02,0.01,0.02,0.01,0.02,0.01,0.01,i,0.2,0.1,0.02,0.01,0.02,0.01,0.02,0.01,0.01,a,c,f,h,j,0.2,0.1,0.02,0.01,0.02,0.01,0.02,0.01,0.01,l,0.2,0.1,0.02,0.01,0.02,0.01,0.02,0.01,0.01,d,h,m,0.2,0.01,0.01,0.01,a,0.2,0.01,0.01,0.01,d,l,0.2,0.01,0.01,0.01,f,0.2,0.01,0.01,0.01,h,j,0.2,0.01,0.01,0.01,f,0.2,0.01,0.01,0.01,d,m,0.2,0.01,0.01,0.01,a,0.2,0.01,0.01,0.01,d,0.2,0.01,0.01,0.01,a,0.2,0.01,0.01,0.01,d,l,0.2,0.01,0.01,0.01,f,0.2,0.01,0.01,0.01,h,j,0.2,0.01,0.01,0.01,f,0.2,0.01,0.01,0.01,d,m,0.2,0.01,0.01,0.01,a,0.2,0.01,0.01,0.01,d,0.2,0.01,0.01,0.01,a,0.2,0.01,0.01,0.01,d,0.2,0.01,0.01,0.01,f,0.2,0.01,0.01,0.01,h,0.2,0.01,0.01,0.01,f,0.2,0.01,0.01,0.01,d,0.2,0.01,0.01,0.01,a,0.2,0.01,0.01,0.01,d,h,m,0.2,0.01,0.01,0.01,a,0.2,0.01,0.01,0.01,d,l,0.2,0.01,0.01,0.01,f,0.2,0.01,0.01,0.01,h,o,0.2,0.01,0.01,0.01,f,0.2,0.01,0.01,0.01,d,j,0.2,0.01,0.01,0.01,a,0.2,0.01,0.01,0.01,c,0.2,0.01,0.01,0.01,a,0.2,0.01,0.01,0.01,c,i,0.2,0.01,0.01,0.01,e,0.2,0.01,0.01,0.01,h,l,0.2,0.01,0.01,0.01,e,0.2,0.01,0.01,0.01,c,j,0.2,0.01,0.01,0.01,a,0.2,0.01,0.01,0.01,c,0.2,0.01,0.01,0.01,a,0.2,0.01,0.01,0.01,c,i,0.2,0.01,0.01,0.01,e,0.2,0.01,0.01,0.01,h,l,0.2,0.01,0.01,0.01,e,0.2,0.01,0.01,0.01,c,j,0.2,0.01,0.01,0.01,a,0.2,0.01,0.01,0.01,c,0.2,0.01,0.01,0.01,a,0.2,0.01,0.01,0.01,c,0.2,0.01,0.01,0.01,f,0.2,0.01,0.01,0.01,h,0.2,0.01,0.01,0.01,f,0.2,0.01,0.01,0.01,c,0.2,0.01,0.01,0.01,a,0.2,0.01,0.01,0.01,c,h,0.2,0.01,0.01,0.01,a,0.2,0.01,0.01,0.01,c,i,0.2,0.01,0.01,0.01,f,0.2,0.01,0.01,0.01,h,j,0.2,0.01,0.01,0.01,f,0.2,0.01,0.01,0.01,c,l,0.2,0.01,0.01,0.01,a,0.2,0.01,0.01,0.01,d,h,m,0.2,0.01,0.01,0.01,a,0.2,0.01,0.01,0.01,d,l,0.2,0.01,0.01,0.01,f,0.2,0.01,0.01,0.01,h,j,0.2,0.01,0.01,0.01,f,0.2,0.01,0.01,0.01,d,m,0.2,0.01,0.01,0.01,a,0.2,0.01,0.01,0.01,d,0.2,0.01,0.01,0.01,a,0.2,0.01,0.01,0.01,d,l,0.2,0.01,0.01,0.01,f,0.2,0.01,0.01,0.01,h,j,0.2,0.01,0.01,0.01,f,0.2,0.01,0.01,0.01,d,k,l,0.2,0.01,0.01,0.01,a,0.2,0.01,0.01,0.01,c,0.2,0.01,0.01,0.01,a,0.2,0.01,0.01,0.01,c,l,0.2,0.01,0.01,0.01,d,0.2,0.01,0.01,0.01,e,k,0.2,0.01,0.01,0.01,d,0.2,0.01,0.01,0.01,c,k,0.2,0.01,0.01,0.01,a,0.2,0.01,0.01,0.01,c,0.2,0.01,0.01,0.01,a,0.2,0.01,0.01,0.01,c,h,o,0.2,0.01,0.01,0.01,d,0.2,0.01,0.01,0.01,e,g,i,0.2,0.01,0.01,0.01,d,0.2,0.01,0.01,0.01,c,h,o,0.2,0.01,0.01,0.01,a,0.2,0.01,0.01,0.01,e,0.2,0.01,0.01,0.01,c,0.2,0.01,0.01,0.01,e,l,0.2,0.01,0.01,0.01,g,0.2,0.01,0.01,0.01,h,0.2,0.01,0.01,0.01,g,0.2,0.01,0.01,0.01,e,l,0.2,0.01,0.01,0.01,c,0.2,0.01,0.01,0.01,e,0.2,0.01,0.01,0.01,c,0.2,0.01,0.01,0.01,e,j,0.2,0.01,0.01,0.01,g,0.2,0.01,0.01,0.01,h,0.2,0.01,0.01,0.01,g,0.2,0.01,0.01,0.01,e,h,0.2,0.01,0.01,0.01,c,0.2,0.01,0.01,0.01,c,0.2,0.01,0.01,0.01,a,0.2,0.01,0.01,0.01,c,0.2,0.01,0.01,0.01,f,0.2,0.01,0.01,0.01,h,0.2,0.01,0.01,0.01,f,0.2,0.01,0.01,0.01,c,0.2,0.01,0.01,0.01,a,0.2,0.01,0.01,0.01,c,h,0.2,0.01,0.01,0.01,a,0.2,0.01,0.01,0.01,c,i,0.2,0.01,0.01,0.01,f,0.2,0.01,0.01,0.01,h,j,0.2,0.01,0.01,0.01,f,0.2,0.01,0.01,0.01,c,f,0.2,0.01,0.01,0.01,a,0.2,0.01,0.01,0.01,d,0.2,0.01,0.01,0.01,b,0.2,0.01,0.01,0.01,d,h,0.2,0.01,0.01,0.01,f,0.2,0.01,0.01,0.01,h,0.2,0.01,0.01,0.01,f,0.2,0.01,0.01,0.01,d,0.2,0.01,0.01,0.01,b,0.2,0.01,0.01,0.01,d,h,0.2,0.01,0.01,0.01,b,0.2,0.01,0.01,0.01,d,i,0.2,0.01,0.01,0.01,f,0.2,0.01,0.01,0.01,h,j,0.2,0.01,0.01,0.01,f,0.2,0.01,0.01,0.01,d,k,0.2,0.01,0.01,0.01,b,0.2,0.01,0.01,0.01,e,0.2,0.01,0.01,0.01,b,j,0.2,0.01,0.01,0.01,e,i,0.2,0.01,0.01,0.01,g,0.2,0.01,0.01,0.01,i,0.2,0.01,0.01,0.01,g,0.2,0.01,0.01,0.01,e,0.2,0.01,0.01,0.01,b,0.2,0.01,0.01,0.01,e,j,0.2,0.01,0.01,0.01,b,0.2,0.01,0.01,0.01,e,0.2,0.01,0.01,0.01,g,0.2,0.01,0.01,0.01,i,0.2,0.1,0.02,0.01,0.02,0.01,0.02,0.01,0.01,h,0.2,0.1,0.02,0.01,0.02,0.01,0.02,0.01,0.01,h,0.2,0.01,0.01,0.01,e,0.2,0.01,0.01,0.01,c,0.2,0.01,0.01,0.01,e,0.2,0.01,0.01,0.01,h,0.2,0.01,0.01,0.01,e,0.2,0.01,0.01,0.01,c,0.2,0.01,0.01,0.01,e,0.2,0.01,0.01,0.01,h,0.2,0.01,0.01,0.01,e,0.2,0.01,0.01,0.01,c,0.2,0.01,0.01,0.01,e,0.2,0.01,0.01,0.01,h,0.2,0.01,0.01,0.01,e,0.2,0.01,0.01,0.01,c,0.2,0.01,0.01,0.01,e,0.2,0.01,0.01,0.01,g,0.2,0.01,0.01,0.01,e,0.2,0.01,0.01,0.01,c,0.2,0.01,0.01,0.01,e,0.2,0.01,0.01,0.01,g,0.2,0.01,0.01,0.01,e,0.2,0.01,0.01,0.01,c,0.2,0.01,0.01,0.01,e,0.2,0.01,0.01,0.01,g,0.2,0.01,0.01,0.01,e,0.2,0.01,0.01,0.01,c,0.2,0.01,0.01,0.01,e,0.2,0.01,0.01,0.01,g,0.2,0.01,0.01,0.01,e,0.2,0.01,0.01,0.01,c,0.2,0.01,0.01,0.01,e,0.2,0.01,0.01,0.01,h,0.2,0.01,0.01,0.01,e,0.2,0.01,0.01,0.01,c,0.2,0.01,0.01,0.01,e,0.2,0.01,0.01,0.01,h,0.2,0.01,0.01,0.01,e,0.2,0.01,0.01,0.01,c,0.2,0.01,0.01,0.01,e,0.2,0.01,0.01,0.01,h,0.2,0.01,0.01,0.01,e,0.2,0.01,0.01,0.01,c,0.2,0.01,0.01,0.01,e,0.2,0.01,0.01,0.01,h,0.2,0.01,0.01,0.01,e,0.2,0.01,0.01,0.01,c,0.2,0.01,0.01,0.01,e,0.2,0.01,0.01,0.01,g,0.2,0.01,0.01,0.01,e,0.2,0.01,0.01,0.01,d,0.2,0.01,0.01,0.01,e,0.2,0.01,0.01,0.01,g,0.2,0.01,0.01,0.01,e,0.2,0.01,0.01,0.01,d,0.2,0.01,0.01,0.01,e,0.2,0.01,0.01,0.01,g,0.2,0.01,0.01,0.01,e,0.2,0.01,0.01,0.01,d,0.2,0.01,0.01,0.01,e,0.2,0.01,0.01,0.01,g,0.2,0.01,0.01,0.01,d,0.2,0.01,0.01,0.01,e,0.2,0.01,0.01,0.01,g,0.2,0.1,0.02,0.01,0.2,0.02,0.01,0.02,0.01,0.01,a,0.2,0.01,0.01,0.01,c,0.2,0.01,0.01,0.01,a,c,0.2,0.1,0.02,0.01,0.2,0.02,0.01,0.02,0.01,0.01,e,0.2,0.01,0.01,0.01,a,c,j,0.2,0.1,0.02,0.01,0.02,0.01,0.02,0.01,0.01,i,0.2,0.01,0.01,0.01,i,0.2,0.01,0.01,0.01,a,c,0.2,0.1,0.02,0.01,0.02,0.01,0.02,0.01,0.01,h,0.2,0.01,0.01,0.01,h,0.2,0.01,0.01,0.01,a,c,0.2,0.1,0.02,0.01,0.2,0.1,0.02,0.01,0.1,0.02,0.01,0.01,a,c,0.2,0.1,0.02,0.01,0.2,0.02,0.01,0.02,0.01,0.01,e,0.2,0.01,0.01,0.01,a,c,j,0.2,0.1,0.02,0.01,0.02,0.01,0.02,0.01,0.01,i,0.2,0.01,0.01,0.01,i,0.2,0.01,0.01,0.01,a,c,0.2,0.1,0.02,0.01,0.02,0.01,0.02,0.01,0.01,h,0.2,0.01,0.01,0.01,h,0.2,0.01,0.01,0.01,a,c,0.2,0.1,0.02,0.01,0.02,0.01,0.02,0.01,0.01,f,0.2,0.1,0.02,0.01,0.02,0.01,0.02,0.01,0.01,a,c,0.2,0.1,0.02,0.01,0.2,0.02,0.01,0.02,0.01,0.01,e,0.2,0.01,0.01,0.01,a,c,j,0.2,0.1,0.02,0.01,0.02,0.01,0.02,0.01,0.01,i,0.2,0.01,0.01,0.01,i,0.2,0.01,0.01,0.01,a,c,0.2,0.1,0.02,0.01,0.02,0.01,0.02,0.01,0.01,h,0.2,0.01,0.01,0.01,k,0.2,0.01,0.01,0.01,a,d,0.2,0.1,0.02,0.01,0.02,0.01,0.02,0.01,0.01,j,0.2,0.1,0.02,0.01,0.02,0.01,0.02,0.01,0.01,a,d,0.2,0.1,0.02,0.01,0.2,0.02,0.01,0.02,0.01,0.01,l,0.2,0.01,0.01,0.01,a,d,l,0.2,0.1,0.02,0.01,0.02,0.01,0.02,0.01,0.01,j,0.2,0.1,0.02,0.01,0.02,0.01,0.02,0.01,0.01,a,d,i,0.2,0.1,0.02,0.01,0.02,0.01,0.02,0.01,0.01,h,0.2,0.1,0.02,0.01,0.02,0.01,0.02,0.01,0.01,a,d,0.2,0.1,0.02,0.01,0.02,0.01,0.02,0.01,0.01,f,0.2,0.1,0.02,0.01,0.02,0.01,0.02,0.01,0.01,a,d,0.2,0.1,0.02,0.01,0.2,0.1,0.02,0.01,0.1,0.02,0.01,0.01,a,d,l,0.2,0.1,0.02,0.01,0.02,0.01,0.02,0.01,0.01,j,0.2,0.01,0.01,0.01,i,0.2,0.01,0.01,0.01,a,d,0.2,0.01,0.01,0.01,h,0.2,0.1,0.02,0.01,0.02,0.01,0.02,0.01,0.01,h,0.2,0.01,0.01,0.01,a,c,0.2,0.1,0.02,0.01,0.02,0.01,0.02,0.01,0.01,f,0.2,0.1,0.02,0.01,0.02,0.01,0.02,0.01,0.01,a,c,e,0.2,0.1,0.02,0.01,0.2,0.1,0.02,0.01,0.1,0.02,0.01,0.01,a,c,0.2,0.1,0.02,0.01,0.2,0.1,0.02,0.01,0.1,0.02,0.01,0.01,b,c,0.2,0.01,0.01,0.01,e,0.2,0.01,0.01,0.01,h,0.2,0.01,0.01,0.01,i,0.2,0.01,0.01,0.01,c,f,j,0.2,0.1,0.02,0.01,0.02,0.01,0.02,0.01,0.01,j,0.2,0.1,0.02,0.01,0.02,0.01,0.02,0.01,0.01,c,f,0.2,0.01,0.01,0.01,k,0.2,0.1,0.02,0.01,0.02,0.01,0.02,0.01,0.01,j,0.2,0.01,0.01,0.01,c,f,i,0.2,0.1,0.02,0.01,0.2,0.1,0.02,0.01,0.1,0.02,0.01,0.01,c,f,0.2,0.1,0.02,0.01,0.02,0.01,0.02,0.01,0.01,i,0.2,0.01,0.01,0.01,j,0.2,0.01,0.01,0.01,b,f,k,0.2,0.1,0.02,0.01,0.02,0.01,0.02,0.01,0.01,j,0.2,0.01,0.01,0.01,i,0.2,0.01,0.01,0.01,b,f,0.2,0.1,0.02,0.01,0.02,0.01,0.02,0.01,0.01,h,0.2,0.01,0.01,0.01,h,0.2,0.01,0.01,0.01,b,f,0.2,0.01,0.01,0.01,j,0.2,0.01,0.01,0.01,i,0.2,0.1,0.02,0.01,0.02,0.01,0.02,0.01,0.01,b,f,0.2,0.1,0.02,0.01,0.2,0.1,0.02,0.01,0.1,0.02,0.01,0.01,b,e,0.2,0.1,0.02,0.01,0.02,0.01,0.02,0.01,0.01,e,0.2,0.1,0.02,0.01,0.02,0.01,0.02,0.01,0.01,g,0.2,0.1,0.02,0.01,0.02,0.01,0.02,0.01,0.01,e,0.2,0.1,0.02,0.01,0.02,0.01,0.02,0.01,0.01,b,d,e,i,0.2,0.1,0.02,0.01,0.02,0.01,0.02,0.01,0.01,h,0.2,0.1,0.02,0.01,0.02,0.01,0.02,0.01,0.01,b,d,e,i,0.2,0.1,0.02,0.01,0.2,0.02,0.01,0.02,0.01,0.01,h,0.2,0.01,0.01,0.01,h,o,0.2,0.01,0.01,0.01,l,0.2,0.01,0.01,0.01,j,0.2,0.01,0.01,0.01,l,0.2,0.01,0.01,0.01,o,0.2,0.01,0.01,0.01,l,0.2,0.01,0.01,0.01,j,0.2,0.01,0.01,0.01,l,0.2,0.01,0.01,0.01,n,0.2,0.01,0.01,0.01,l,0.2,0.01,0.01,0.01,j,0.2,0.01,0.01,0.01,l,0.2,0.01,0.01,0.01,n,0.2,0.01,0.01,0.01,l,0.2,0.01,0.01,0.01,j,0.2,0.01,0.01,0.01,l,0.2,0.01,0.01,0.01,m,0.2,0.01,0.01,0.01,l,0.2,0.01,0.01,0.01,j,0.2,0.01,0.01,0.01,l,0.2,0.01,0.01,0.01,m,0.2,0.01,0.01,0.01,l,0.2,0.01,0.01,0.01,j,0.2,0.01,0.01,0.01,e,l,0.2,0.01,0.01,0.01,a,c,f,h,0.2,0.1,0.02,0.01,0.02,0.01,0.02,0.01,0.01,i,0.2,0.1,0.02,0.01,0.02,0.01,0.02,0.01,0.01,a,c,f,h,j,0.2,0.1,0.02,0.01,0.02,0.01,0.02,0.01,0.01,l,0.2,0.1,0.02,0.01,0.02,0.01,0.02,0.01,0.01,d,h,m,0.2,0.01,0.01,0.01,a,0.2,0.01,0.01,0.01,d,l,0.2,0.01,0.01,0.01,f,0.2,0.01,0.01,0.01,h,j,0.2,0.01,0.01,0.01,f,0.2,0.01,0.01,0.01,d,h,m,0.2,0.01,0.01,0.01,a,0.2,0.01,0.01,0.01,d,0.2,0.01,0.01,0.01,a,0.2,0.01,0.01,0.01,d,l,0.2,0.01,0.01,0.01,f,0.2,0.01,0.01,0.01,h,j,0.2,0.01,0.01,0.01,f,0.2,0.01,0.01,0.01,d,h,m,0.2,0.01,0.01,0.01,a,0.2,0.01,0.01,0.01,d,0.2,0.01,0.01,0.01,a,0.2,0.01,0.01,0.01,d,0.2,0.01,0.01,0.01,f,0.2,0.01,0.01,0.01,h,0.2,0.01,0.01,0.01,f,0.2,0.01,0.01,0.01,d,0.2,0.01,0.01,0.01,a,0.2,0.01,0.01,0.01,d,h,m,0.2,0.01,0.01,0.01,a,0.2,0.01,0.01,0.01,d,l,0.2,0.01,0.01,0.01,f,0.2,0.01,0.01,0.01,h,j,o,0.2,0.01,0.01,0.01,f,0.2,0.01,0.01,0.01,d,j,0.2,0.01,0.01,0.01,a,0.2,0.01,0.01,0.01,c,0.2,0.01,0.01,0.01,a,0.2,0.01,0.01,0.01,c,i,0.2,0.01,0.01,0.01,e,0.2,0.01,0.01,0.01,h,j,l,0.2,0.01,0.01,0.01,e,0.2,0.01,0.01,0.01,c,j,0.2,0.01,0.01,0.01,a,0.2,0.01,0.01,0.01,c,0.2,0.01,0.01,0.01,a,0.2,0.01,0.01,0.01,c,i,0.2,0.01,0.01,0.01,e,0.2,0.01,0.01,0.01,h,j,l,0.2,0.01,0.01,0.01,e,0.2,0.01,0.01,0.01,c,j,0.2,0.01,0.01,0.01,a,0.2,0.01,0.01,0.01,c,0.2,0.01,0.01,0.01,a,0.2,0.01,0.01,0.01,c,0.2,0.01,0.01,0.01,f,0.2,0.01,0.01,0.01,h,0.2,0.01,0.01,0.01,f,0.2,0.01,0.01,0.01,c,0.2,0.01,0.01,0.01,a,0.2,0.01,0.01,0.01,c,h,0.2,0.01,0.01,0.01,a,0.2,0.01,0.01,0.01,c,i,0.2,0.01,0.01,0.01,f,0.2,0.01,0.01,0.01,h,j,0.2,0.01,0.01,0.01,f,0.2,0.01,0.01,0.01,c,l,0.2,0.01,0.01,0.01,a,0.2,0.01,0.01,0.01,d,h,m,0.2,0.01,0.01,0.01,a,0.2,0.01,0.01,0.01,d,l,0.2,0.01,0.01,0.01,f,0.2,0.01,0.01,0.01,h,j,0.2,0.01,0.01,0.01,f,0.2,0.01,0.01,0.01,d,h,m,0.2,0.01,0.01,0.01,a,0.2,0.01,0.01,0.01,d,0.2,0.01,0.01,0.01,a,0.2,0.01,0.01,0.01,d,l,0.2,0.01,0.01,0.01,f,0.2,0.01,0.01,0.01,h,j,0.2,0.01,0.01,0.01,f,0.2,0.01,0.01,0.01,d,k,l,0.2,0.01,0.01,0.01,a,0.2,0.01,0.01,0.01,c,0.2,0.01,0.01,0.01,a,0.2,0.01,0.01,0.01,c,l,0.2,0.01,0.01,0.01,d,0.2,0.01,0.01,0.01,e,h,k,0.2,0.01,0.01,0.01,d,0.2,0.01,0.01,0.01,c,k,0.2,0.01,0.01,0.01,a,0.2,0.01,0.01,0.01,c,0.2,0.01,0.01,0.01,a,0.2,0.01,0.01,0.01,c,h,o,0.2,0.01,0.01,0.01,d,0.2,0.01,0.01,0.01,e,g,i,0.2,0.01,0.01,0.01,d,0.2,0.01,0.01,0.01,c,h,o,0.2,0.01,0.01,0.01,a,0.2,0.01,0.01,0.01,e,0.2,0.01,0.01,0.01,c,0.2,0.01,0.01,0.01,e,h,l,0.2,0.01,0.01,0.01,g,0.2,0.01,0.01,0.01,h,0.2,0.01,0.01,0.01,g,0.2,0.01,0.01,0.01,e,h,l,0.2,0.01,0.01,0.01,c,0.2,0.01,0.01,0.01,e,0.2,0.01,0.01,0.01,c,0.2,0.01,0.01,0.01,e,h,j,0.2,0.01,0.01,0.01,g,0.2,0.01,0.01,0.01,h,0.2,0.01,0.01,0.01,g,0.2,0.01,0.01,0.01,e,h,0.2,0.01,0.01,0.01,c,0.2,0.01,0.01,0.01,c,0.2,0.01,0.01,0.01,a,0.2,0.01,0.01,0.01,c,0.2,0.01,0.01,0.01,f,0.2,0.01,0.01,0.01,h,0.2,0.01,0.01,0.01,f,0.2,0.01,0.01,0.01,c,0.2,0.01,0.01,0.01,a,0.2,0.01,0.01,0.01,c,h,0.2,0.01,0.01,0.01,a,0.2,0.01,0.01,0.01,c,i,0.2,0.01,0.01,0.01,f,0.2,0.01,0.01,0.01,h,j,0.2,0.01,0.01,0.01,f,0.2,0.01,0.01,0.01,c,f,0.2,0.01,0.01,0.01,a,0.2,0.01,0.01,0.01,d,0.2,0.01,0.01,0.01,b,0.2,0.01,0.01,0.01,d,h,0.2,0.01,0.01,0.01,f,0.2,0.01,0.01,0.01,h,0.2,0.01,0.01,0.01,f,0.2,0.01,0.01,0.01,d,0.2,0.01,0.01,0.01,b,0.2,0.01,0.01,0.01,d,h,0.2,0.01,0.01,0.01,b,0.2,0.01,0.01,0.01,d,i,0.2,0.01,0.01,0.01,f,0.2,0.01,0.01,0.01,h,j,0.2,0.01,0.01,0.01,f,0.2,0.01,0.01,0.01,d,k,0.2,0.01,0.01,0.01,b,0.2,0.01,0.01,0.01,e,0.2,0.01,0.01,0.01,b,j,0.2,0.01,0.01,0.01,e,i,0.2,0.01,0.01,0.01,g,0.2,0.01,0.01,0.01,i,0.2,0.01,0.01,0.01,g,0.2,0.01,0.01,0.01,e,0.2,0.01,0.01,0.01,b,0.2,0.01,0.01,0.01,e,j,0.2,0.01,0.01,0.01,b,0.2,0.01,0.01,0.01,e,0.2,0.01,0.01,0.01,g,0.2,0.01,0.01,0.01,i,0.2,0.01,0.01,0.01,g,0.2,0.01,0.01,0.01,e,h,0.2,0.01,0.01,0.01,b,0.2,0.01,0.01,0.01,a,h,0.2,0.01,0.01,0.01,e,0.2,0.01,0.01,0.01,c,0.2,0.01,0.01,0.01,e,o,0.2,0.01,0.01,0.01,h,o,0.2,0.01,0.01,0.01,e,0.2,0.01,0.01,0.01,c,0.2,0.01,0.01,0.01,e,0.2,0.01,0.01,0.01,g,0.2,0.01,0.01,0.01,e,0.2,0.01,0.01,0.01,c,0.2,0.01,0.01,0.01,e,n,0.2,0.01,0.01,0.01,g,n,0.2,0.01,0.01,0.01,e,0.2,0.01,0.01,0.01,c,0.2,0.01,0.01,0.01,e,0.2,0.01,0.01,0.01,f,0.2,0.01,0.01,0.01,e,0.2,0.01,0.01,0.01,c,0.2,0.01,0.01,0.01,e,m,0.2,0.01,0.01,0.01,f,m,0.2,0.01,0.01,0.01,e,0.2,0.01,0.01,0.01,c,0.2,0.01,0.01,0.01,e,0.2,0.01,0.01,0.01,g,0.2,0.01,0.01,0.01,e,0.2,0.01,0.01,0.01,d,0.2,0.01,0.01,0.01,e,n,0.2,0.01,0.01,0.01,g,n,0.2,0.01,0.01,0.01,e,0.2,0.01,0.01,0.01,d,0.2,0.01,0.01,0.01,e,l,0.2,0.01,0.01,0.01,h,o,0.2,0.01,0.01,0.01,e,0.2,0.01,0.01,0.01,c,0.2,0.01,0.01,0.01,e,o,0.2,0.01,0.01,0.01,h,o,0.2,0.01,0.01,0.01,e,0.2,0.01,0.01,0.01,c,0.2,0.01,0.01,0.01,e,0.2,0.01,0.01,0.01,g,n,0.2,0.01,0.01,0.01,e,0.2,0.01,0.01,0.01,c,0.2,0.01,0.01,0.01,e,n,0.2,0.01,0.01,0.01,g,n,0.2,0.01,0.01,0.01,e,0.2,0.01,0.01,0.01,c,0.2,0.01,0.01,0.01,e,0.2,0.01,0.01,0.01,f,m,0.2,0.01,0.01,0.01,e,0.2,0.01,0.01,0.01,c,0.2,0.01,0.01,0.01,e,m,0.2,0.01,0.01,0.01,f,m,0.2,0.01,0.01,0.01,e,0.2,0.01,0.01,0.01,c,0.2,0.01,0.01,0.01,e,0.2,0.01,0.01,0.01,g,n,0.2,0.01,0.01,0.01,e,0.2,0.01,0.01,0.01,d,0.2,0.01,0.01,0.01,e,n,0.2,0.01,0.01,0.01,g,n,0.2,0.01,0.01,0.01,e,0.2,0.01,0.01,0.01,d,0.2,0.01,0.01,0.01,a,0.2,0.1,0.02,0.01,0.2,0.1,0.02,0.01,0.2,0.1,0.02,0.01,0.2,0.1,0.02,0.01,0.2,0.02,0.01,0.02,0.01,0.02,0.01,a,0.2,0.01,0.01,0.01,a,c,e,f,h,0.2,0.1,0.02,0.01,0.02,0.01,0.02,0.01,0.01,i,0.2,0.1,0.02,0.01,0.02,0.01,0.02,0.01,0.01,a,c,e,f,h,j,0.2,0.1,0.02,0.01,0.02,0.01,0.02,0.01,0.01,l,0.2,0.1,0.02,0.01,0.02,0.01,0.02,0.01,0.01,d,h,m,0.2,0.01,0.01,0.01,a,0.2,0.01,0.01,0.01,d,h,l,0.2,0.01,0.01,0.01,f,0.2,0.01,0.01,0.01,h,j,0.2,0.01,0.01,0.01,f,0.2,0.01,0.01,0.01,d,h,m,0.2,0.01,0.01,0.01,a,0.2,0.01,0.01,0.01,d,0.2,0.01,0.01,0.01,a,0.2,0.01,0.01,0.01,d,h,l,0.2,0.01,0.01,0.01,f,0.2,0.01,0.01,0.01,h,j,0.2,0.01,0.01,0.01,f,0.2,0.01,0.01,0.01,d,h,m,0.2,0.01,0.01,0.01,a,0.2,0.01,0.01,0.01,d,0.2,0.01,0.01,0.01,a,0.2,0.01,0.01,0.01,d,0.2,0.01,0.01,0.01,f,0.2,0.01,0.01,0.01,h,0.2,0.01,0.01,0.01,f,0.2,0.01,0.01,0.01,d,0.2,0.01,0.01,0.01,a,0.2,0.01,0.01,0.01,d,h,m,0.2,0.01,0.01,0.01,a,0.2,0.01,0.01,0.01,d,h,l,0.2,0.01,0.01,0.01,f,0.2,0.01,0.01,0.01,h,j,o,0.2,0.01,0.01,0.01,f,0.2,0.01,0.01,0.01,d,h,j,0.2,0.01,0.01,0.01,a,0.2,0.01,0.01,0.01,c,0.2,0.01,0.01,0.01,a,0.2,0.01,0.01,0.01,c,e,i,0.2,0.01,0.01,0.01,e,0.2,0.01,0.01,0.01,h,j,l,0.2,0.01,0.01,0.01,e,0.2,0.01,0.01,0.01,c,h,j,0.2,0.01,0.01,0.01,a,0.2,0.01,0.01,0.01,c,0.2,0.01,0.01,0.01,a,0.2,0.01,0.01,0.01,c,e,i,0.2,0.01,0.01,0.01,e,0.2,0.01,0.01,0.01,h,j,l,0.2,0.01,0.01,0.01,e,0.2,0.01,0.01,0.01,c,h,j,0.2,0.01,0.01,0.01,a,0.2,0.01,0.01,0.01,c,0.2,0.01,0.01,0.01,a,0.2,0.01,0.01,0.01,c,0.2,0.01,0.01,0.01,f,0.2,0.01,0.01,0.01,h,0.2,0.01,0.01,0.01,f,0.2,0.01,0.01,0.01,c,0.2,0.01,0.01,0.01,a,0.2,0.01,0.01,0.01,c,h,0.2,0.01,0.01,0.01,a,0.2,0.01,0.01,0.01,c,i,0.2,0.01,0.01,0.01,f,0.2,0.01,0.01,0.01,h,j,0.2,0.01,0.01,0.01,f,0.2,0.01,0.01,0.01,c,l,0.2,0.01,0.01,0.01,a,0.2,0.01,0.01,0.01,d,h,m,0.2,0.01,0.01,0.01,a,0.2,0.01,0.01,0.01,d,h,l,0.2,0.01,0.01,0.01,f,0.2,0.01,0.01,0.01,h,j,0.2,0.01,0.01,0.01,f,0.2,0.01,0.01,0.01,d,h,m,0.2,0.01,0.01,0.01,a,0.2,0.01,0.01,0.01,d,0.2,0.01,0.01,0.01,a,0.2,0.01,0.01,0.01,d,h,l,0.2,0.01,0.01,0.01,f,0.2,0.01,0.01,0.01,h,j,0.2,0.01,0.01,0.01,f,0.2,0.01,0.01,0.01,d,k,l,0.2,0.01,0.01,0.01,a,0.2,0.01,0.01,0.01,c,0.2,0.01,0.01,0.01,a,0.2,0.01,0.01,0.01,c,h,l,0.2,0.01,0.01,0.01,d,0.2,0.01,0.01,0.01,e,h,k,0.2,0.01,0.01,0.01,d,0.2,0.01,0.01,0.01,c,h,k,0.2,0.01,0.01,0.01,a,0.2,0.01,0.01,0.01,c,0.2,0.01,0.01,0.01,a,0.2,0.01,0.01,0.01,c,h,o,0.2,0.01,0.01,0.01,d,0.2,0.01,0.01,0.01,e,g,i,0.2,0.01,0.01,0.01,d,0.2,0.01,0.01,0.01,c,h,o,0.2,0.01,0.01,0.01,a,0.2,0.01,0.01,0.01,e,0.2,0.01,0.01,0.01,c,h,l,0.2,0.01,0.01,0.01,e,0.2,0.01,0.01,0.01,g,0.2,0.01,0.01,0.01,h,0.2,0.01,0.01,0.01,g,0.2,0.01,0.01,0.01,e,h,l,0.2,0.01,0.01,0.01,c,0.2,0.01,0.01,0.01,e,h,l,0.2,0.01,0.01,0.01,c,0.2,0.01,0.01,0.01,e,h,o,0.2,0.01,0.01,0.01,g,0.2,0.01,0.01,0.01,b,h,i,0.2,0.01,0.01,0.01,g,0.2,0.01,0.01,0.01,c,e,j,0.2,0.01,0.01,0.01,c,0.2,0.01,0.01,0.01,c,0.2,0.01,0.01,0.01,a,0.2,0.01,0.01,0.01,c,g,i,0.2,0.01,0.01,0.01,f,0.2,0.01,0.01,0.01,a,h,o,0.2,0.01,0.01,0.01,f,0.2,0.01,0.01,0.01,c,0.2,0.01,0.01,0.01,a,0.2,0.01,0.01,0.01,c,h,o,0.2,0.01,0.01,0.01,a,0.2,0.01,0.01,0.01,c,g,n,0.2,0.01,0.01,0.01,f,0.2,0.01,0.01,0.01,f,h,m,0.2,0.01,0.01,0.01,f,0.2,0.01,0.01,0.01,c,e,l,0.2,0.01,0.01,0.01,a,0.2,0.01,0.01,0.01,d,h,m,0.2,0.01,0.01,0.01,a,0.2,0.01,0.01,0.01,d,l,0.2,0.01,0.01,0.01,f,0.2,0.01,0.01,0.01,h,j,0.2,0.01,0.01,0.01,f,0.2,0.01,0.01,0.01,d,m,0.2,0.01,0.01,0.01,a,0.2,0.01,0.01,0.01,d,0.2,0.01,0.01,0.01,a,0.2,0.01,0.01,0.01,d,l,0.2,0.01,0.01,0.01,f,0.2,0.01,0.01,0.01,h,j,0.2,0.01,0.01,0.01,f,0.2,0.01,0.01,0.01,d,m,0.2,0.01,0.01,0.01,a,0.2,0.01,0.01,0.01,d,0.2,0.01,0.01,0.01,a,0.2,0.01,0.01,0.01,d,0.2,0.01,0.01,0.01,f,0.2,0.01,0.01,0.01,h,0.2,0.01,0.01,0.01,f,0.2,0.01,0.01,0.01,d,0.2,0.01,0.01,0.01,a,0.2,0.01,0.01,0.01,d,m,0.2,0.01,0.01,0.01,a,0.2,0.01,0.01,0.01,d,l,0.2,0.01,0.01,0.01,f,0.2,0.01,0.01,0.01,h,o,0.2,0.01,0.01,0.01,f,0.2,0.01,0.01,0.01,d,j,0.2,0.01,0.01,0.01,a,0.2,0.01,0.01,0.01,c,0.2,0.01,0.01,0.01,a,0.2,0.01,0.01,0.01,c,i,0.2,0.01,0.01,0.01,e,0.2,0.01,0.01,0.01,h,l,0.2,0.01,0.01,0.01,e,0.2,0.01,0.01,0.01,c,j,0.2,0.01,0.01,0.01,a,0.2,0.01,0.01,0.01,c,0.2,0.01,0.01,0.01,a,0.2,0.01,0.01,0.01,c,i,0.2,0.01,0.01,0.01,e,0.2,0.01,0.01,0.01,h,i,0.2,0.01,0.01,0.01,e,0.2,0.01,0.01,0.01,c,h,0.2,0.01,0.01,0.01,a,0.2,0.01,0.01,0.01,c,0.2,0.01,0.01,0.01,a,0.2,0.01,0.01,0.01,c,0.2,0.01,0.01,0.01,f,0.2,0.01,0.01,0.01,h,0.2,0.01,0.01,0.01,f,0.2,0.01,0.01,0.01,c,0.2,0.01,0.01,0.01,a,0.2,0.01,0.01,0.01,c,h,0.2,0.01,0.01,0.01,a,0.2,0.01,0.01,0.01,c,i,0.2,0.01,0.01,0.01,f,0.2,0.01,0.01,0.01,h,j,0.2,0.01,0.01,0.01,f,0.2,0.01,0.01,0.01,c,h,0.2,0.01,0.01,0.01,a,0.2,0.01,0.01,0.01,d,f,0.2,0.01,0.01,0.01,b,0.2,0.01,0.01,0.01,d,h,0.2,0.01,0.01,0.01,f,0.2,0.01,0.01,0.01,h,0.2,0.01,0.01,0.01,f,0.2,0.01,0.01,0.01,d,0.2,0.01,0.01,0.01,b,0.2,0.01,0.01,0.01,d,h,0.2,0.01,0.01,0.01,b,0.2,0.01,0.01,0.01,d,i,0.2,0.01,0.01,0.01,f,0.2,0.01,0.01,0.01,h,j,0.2,0.01,0.01,0.01,f,0.2,0.01,0.01,0.01,d,k,0.2,0.1,0.02,0.01,0.02,0.01,0.02,0.01,0.01,e,j,0.2,0.01,0.01,0.01,i,0.2,0.1,0.02,0.01,0.2,0.02,0.01,0.02,0.01,0.01,b,e,g,0.2,0.1,0.02,0.01,0.2,0.1,0.02,0.01,0.1,0.02,0.01,0.01,j,0.2,0.1,0.02,0.01,0.2,0.1,0.02,0.01,0.1,0.02,0.01,0.01,i,0.2,0.1,0.02,0.01,0.02,0.01,0.02,0.01,0.01,h,0.2,0.1,0.02,0.01,0.02,0.01,0.02,0.01,0.01,a,o,0.2,0.01,0.01,0.01,l,0.2,0.01,0.01,0.01,j,0.2,0.01,0.01,0.01,l,0.2,0.01,0.01,0.01,a,o,0.2,0.01,0.01,0.01,l,0.2,0.01,0.01,0.01,j,0.2,0.01,0.01,0.01,l,0.2,0.01,0.01,0.01,a,o,0.2,0.01,0.01,0.01,l,0.2,0.01,0.01,0.01,j,0.2,0.01,0.01,0.01,l,0.2,0.01,0.01,0.01,a,o,0.2,0.01,0.01,0.01,l,0.2,0.01,0.01,0.01,j,0.2,0.01,0.01,0.01,l,0.2,0.01,0.01,0.01,b,n,0.2,0.01,0.01,0.01,l,0.2,0.01,0.01,0.01,j,0.2,0.01,0.01,0.01,l,0.2,0.01,0.01,0.01,b,n,0.2,0.01,0.01,0.01,l,0.2,0.01,0.01,0.01,j,0.2,0.01,0.01,0.01,l,0.2,0.01,0.01,0.01,b,n,0.2,0.01,0.01,0.01,l,0.2,0.01,0.01,0.01,j,0.2,0.01,0.01,0.01,l,0.2,0.01,0.01,0.01,b,n,0.2,0.01,0.01,0.01,l,0.2,0.01,0.01,0.01,j,0.2,0.01,0.01,0.01,l,0.2,0.01,0.01,0.01,c,m,0.2,0.01,0.01,0.01,l,0.2,0.01,0.01,0.01,j,0.2,0.01,0.01,0.01,l,0.2,0.01,0.01,0.01,c,m,0.2,0.01,0.01,0.01,l,0.2,0.01,0.01,0.01,j,0.2,0.01,0.01,0.01,l,0.2,0.01,0.01,0.01,c,m,0.2,0.01,0.01,0.01,l,0.2,0.01,0.01,0.01,j,0.2,0.01,0.01,0.01,l,0.2,0.01,0.01,0.01,c,m,0.2,0.01,0.01,0.01,l,0.2,0.01,0.01,0.01,j,0.2,0.01,0.01,0.01,l,0.2,0.01,0.01,0.01,d,n,0.2,0.01,0.01,0.01,l,0.2,0.01,0.01,0.01,k,0.2,0.01,0.01,0.01,l,0.2,0.01,0.01,0.01,e,n,0.2,0.01,0.01,0.01,l,0.2,0.01,0.01,0.01,k,0.2,0.01,0.01,0.01,l,0.2,0.01,0.01,0.01,g,n,0.2,0.01,0.01,0.01,l,0.2,0.01,0.01,0.01,k,0.2,0.01,0.01,0.01,l,0.2,0.01,0.01,0.01,i,n,0.2,0.01,0.01,0.01,k,0.2,0.01,0.01,0.01,l,0.2,0.01,0.01,0.01,n,0.2,0.01,0.01,0.01,a,c,e,0.2,0.1,0.02,0.01,0.02,0.01,0.02,0.01,0.01,h,0.2,0.1,0.02,0.01,0.02,0.01,0.02,0.01,0.01,i,0.2,0.1,0.02,0.01,0.02,0.01,0.02,0.01,0.01,l,0.2,0.1,0.02,0.01,0.2,0.1,0.02,0.01,0.2,0.1,0.02,0.01,0.2,0.1,0.02,0.01,0.2,0.1,0.02,0.01,0.2,0.1,0.02,0.01,0.02,0.01,h,j,l,o,0.2,0.1,0.02,0.01,0.2,0.1,0.02,0.01,0.2,0.1,0.02,0.01,0.2,0.1,0.02,0.01,0.2,0.1,0.02,0.01,0.2,0.1,0.02,0.01,0.2,0.1,0.02,0.01,0.2,0.1,0.02,0.01,0.2,0.1,0.02,0.01,0.2,0.02,0.01,a,h,j,0.01,0.01,0.01,0.01,









