l,0,n,0,b,1.818,1.818,1.818,e,0,b,0,e,0,g,1.818,1.818,1.818,d,0,g,0,b,1.818,0.909,e,1.818,0.909,b,0,e,0,g,0,e,1.818,0.909,i,1.818,0.909,n,0,b,0,d,0,b,1.818,0.909,b,0,b,0.909,g,0.909,f,0.909,g,0,a,0.909,c,0.909,f,0.909,f,0,g,0.909,f,0.909,c,0.909,c,0,a,0.909,c,0.909,f,0.909,b,0,g,0.909,f,0.909,e,0,c,0.909,f,0,g,0.909,e,0.909,f,0.909,g,0,g,0.909,i,0,b,0.909,g,0,g,0.909,e,0,a,0.909,c,0.909,e,0.909,g,0.909,e,0.909,c,0,c,0.909,g,0,a,0.909,c,0.909,f,0.454,e,0.454,f,0,g,0.909,f,0.909,c,0.909,c,0,a,0.909,c,0.909,f,0.909,b,0,g,0.909,f,0.909,e,0,c,0.909,d,0,f,0,g,0.909,d,0.909,f,0.909,c,0,g,0.909,b,0.909,g,0.909,c,0,a,0.15,0.15,e,0.15,0.15,g,1.818,1.818,0.909,0.454,0.15,0.15,0.15,g,0,f,0.909,c,0.909,f,0,f,0.909,c,0,g,0.909,f,0.909,b,0,c,0.909,g,0,f,0.909,c,0.909,f,0,f,0.909,c,0,g,0.909,f,0.909,b,0,c,0.909,g,0,a,0.909,c,0.909,i,0,f,0.909,j,0,g,0.909,f,0.909,i,0,c,0.909,g,0,b,0.909,f,0.909,e,0,g,0.909,d,0,b,1.818,0.909,d,0,f,0,d,0.909,d,0.909,f,0.909,e,0,a,0.909,f,0.909,f,0,d,0.909,c,0,a,0.909,d,0,c,0.909,e,0,e,0.909,b,0,g,0.909,b,0.909,a,0,e,0.909,f,0,m,0,d,0.909,d,0.909,f,0.909,h,0,o,0,a,0.909,f,0.909,f,0,m,0,d,0.909,e,0,l,0,a,0.909,d,0,k,0,e,0.909,c,0,j,0,a,0.909,b,0,i,0,e,0.909,b,0.909,h,0,e,0.909,f,0,d,0.909,a,0.909,d,0.909,f,1.818,0.909,c,0.909,0.454,0.15,0.15,0.15,g,0.909,0.454,0.15,0.15,0.15,c,0.909,0.454,0.15,0.15,0.15,e,0.909,0.454,0.15,0.15,0.15,g,0.909,0.454,0.15,0.15,0.15,c,0.909,0.454,0.15,0.15,0.15,e,1.818,1.818,1.818,1.818,1.818,1.818,1.818,0.15,0.15,0.15,0.15,c,1.818,a,0.909,f,0.909,j,0.909,f,0.909,i,0.909,f,1.818,e,0.909,j,1.818,i,0.909,f,1.818,e,0.909,i,1.818,0.909,j,1.818,0.909,h,1.818,1.818,1.818,j,1.818,i,0.909,f,1.818,e,0.909,j,1.818,i,0.909,f,1.818,e,0.909,i,1.818,h,0.909,j,1.818,l,0.909,h,1.818,1.818,0.909,c,0.909,j,1.818,i,0.909,f,1.818,e,0.909,j,1.818,i,0.909,f,1.818,e,0.909,j,1.818,0.909,i,1.818,l,0.909,h,1.818,1.818,1.818,j,1.818,i,0.909,f,1.818,e,0.909,j,1.818,i,0.909,f,1.818,e,0.909,j,1.818,0.909,i,1.818,l,0.909,h,1.818,0.909,i,1.818,1.818,1.818,1.818,0.909,j,1.818,i,0.909,f,1.818,l,0.909,c,1.818,b,0.909,m,1.818,l,0.909,j,1.818,i,0.909,f,1.818,e,1.818,1.818,1.818,1.818,1.818,1.818,1.818,1.818,1.818,1.818,1.818,0.909,c,1.818,0.909,b,0.909,e,1.818,1.818,a,1.818,0.909,m,0.909,c,1.818,b,1.818,c,1.818,0.909,f,0.909,e,1.818,1.818,a,1.818,0.909,d,0.909,c,1.818,b,1.818,a,0,h,1.818,1.818,n,0,g,1.818,1.818,a,0,h,1.818,m,0,f,1.818,b,0,i,1.818,m,0,f,1.818,c,0,j,1.818,1.818,1.818,1.818,1.818,1.818,b,0,i,0.909,a,0,h,1.818,1.818,1.818,1.818,1.818,1.818,1.818,1.818,1.818,1.818,1.818,1.818,1.818,1.818,1.818,1.818,1.818,1.818,1.818,1.818,1.818,1.818,1.818,1.818,1.818,1.818,1.818,1.818,1.818,1.818,1.818,1.818,1.818,1.818,1.818,1.818,1.818,1.818,1.818,1.818,1.818,1.818,1.818,1.818,1.818,1.818,1.818,1.818,1.818,1.818,1.818,1.818,1.818,1.818,1.818,1.818,1.818,1.818,1.818,1.818,1.818,1.818,1.818,1.818,1.818,1.818,1.818,1.818,1.818,1.818,1.818,1.818,1.818,1.818,1.818,1.818,1.818,1.818,1.818,1.818,1.818,1.818,1.818,1.818,1.818,1.818,1.818,1.818,1.818,1.818,1.818,1.818,1.818,1.818,1.818,1.818,1.818,1.818,1.818,1.818,1.818,1.818,1.818,1.818,1.818,1.818,1.818,1.818,1.818,1.818,1.818,1.818,1.818,1.818,1.818,1.818,1.818,1.818,1.818,1.818,1.818,1.818,1.818,1.818,1.818,1.818,1.818,1.818,1.818,1.818,1.818,1.818,1.818,1.818,1.818,1.818,1.818,1.818,1.818,1.818,1.818,1.818,1.818,1.818,1.818,1.818,1.818,1.818,1.818,1.818,1.818,1.818,1.818,1.818,1.818,1.818,1.818,1.818,1.818,1.818,1.818,1.818,1.818,1.818,1.818,1.818,1.818,1.818,1.818,1.818,1.818,1.818,1.818,1.818,1.818,1.818,1.818,1.818,1.818,1.818,1.818,1.818,1.818,1.818,1.818,1.818,1.818,1.818,1.818,1.818,1.818,1.818,1.818,1.818,1.818,1.818,1.818,1.818,1.818,1.818,1.818,1.818,1.818,1.818,1.818,1.818,1.818,1.818,1.818,1.818,1.818,1.818,1.818,1.818,1.818,1.818,1.818,1.818,1.818,1.818,1.818,1.818,1.818,1.818,1.818,1.818,1.818,1.818,1.818,1.818,1.818,1.818,1.818,1.818,1.818,1.818,1.818,1.818,1.818,1.818,1.818,1.818,1.818,1.818,1.818,1.818,1.818,1.818,1.818,1.818,1.818,1.818,1.818,1.818,1.818,1.818,1.818,1.818,1.818,1.818,1.818,1.818,1.818,1.818,1.818,1.818,1.818,1.818,1.818,1.818,1.818,1.818,1.818,1.818,1.818,1.818,1.818,1.818,1.818,1.818,1.818,1.818,1.818,1.818,1.818,1.818,1.818,1.818,1.818,1.818,1.818,1.818,1.818,1.818,1.818,1.818,1.818,1.818,1.818,1.818,1.818,1.818,1.818,1.818,1.818,1.818,1.818,1.818,1.818,1.818,1.818,1.818,1.818,1.818,1.818,1.818,1.818,1.818,1.818,1.818,1.818,1.818,1.818,1.818,1.818,1.818,1.818,1.818,1.818,1.818,1.818,1.818,1.818,1.818,1.818,1.818,1.818,1.818,1.818,1.818,1.818,1.818,1.818,1.818,1.818,1.818,1.818,1.818,1.818,1.818,1.818,1.818,1.818,1.818,1.818,1.818,1.818,1.818,1.818,1.818,1.818,1.818,1.818,1.818,1.818,1.818,1.818,1.818,1.818,1.818,1.818,1.818,1.818,1.818,1.818,1.818,1.818,1.818,1.818,1.818,1.818,1.818,1.818,1.818,1.818,1.818,1.818,1.818,1.818,1.818,1.818,1.818,1.818,1.818,1.818,1.818,1.818,1.818,1.818,1.818,1.818,1.818,1.818,1.818,1.818,1.818,1.818,1.818,1.818,1.818,1.818,1.818,1.818,1.818,1.818,1.818,1.818,1.818,1.818,1.818,1.818,1.818,1.818,1.818,1.818,1.818,1.818,1.818,1.818,1.818,1.818,1.818,1.818,1.818,1.818,1.818,1.818,1.818,1.818,1.818,1.818,1.818,1.818,1.818,1.818,1.818,1.818,1.818,1.818,1.818,1.818,1.818,1.818,1.818,1.818,1.818,1.818,1.818,1.818,1.818,1.818,1.818,1.818,1.818,1.818,1.818,1.818,1.818,1.818,1.818,1.818,1.818,1.818,1.818,1.818,1.818,1.818,1.818,1.818,1.818,1.818,1.818,1.818,1.818,1.818,1.818,1.818,1.818,1.818,1.818,1.818,1.818,1.818,1.818,1.818,1.818,1.818,1.818,1.818,1.818,1.818,1.818,1.818,1.818,1.818,1.818,1.818,1.818,1.818,1.818,1.818,1.818,1.818,1.818,1.818,1.818,1.818,1.818,1.818,1.818,1.818,1.818,1.818,1.818,1.818,1.818,1.818,1.818,1.818,1.818,1.818,1.818,1.818,1.818,1.818,1.818,1.818,1.818,1.818,1.818,1.818,1.818,1.818,1.818,1.818,1.818,1.818,1.818,1.818,1.818,1.818,1.818,1.818,1.818,1.818,1.818,1.818,1.818,1.818,1.818,1.818,1.818,1.818,1.818,1.818,1.818,1.818,1.818,1.818,1.818,1.818,1.818,1.818,1.818,1.818,1.818,1.818,1.818,1.818,1.818,1.818,1.818,1.818,1.818,1.818,1.818,1.818,1.818,1.818,1.818,1.818,1.818,1.818,1.818,1.818,1.818,1.818,1.818,1.818,1.818,1.818,1.818,1.818,1.818,1.818,1.818,1.818,1.818,1.818,1.818,1.818,1.818,1.818,1.818,1.818,1.818,1.818,1.818,1.818,1.818,1.818,1.818,1.818,1.818,1.818,1.818,1.818,1.818,1.818,1.818,1.818,1.818,1.818,1.818,1.818,1.818,1.818,1.818,1.818,1.818,1.818,1.818,1.818,1.818,1.818,1.818,1.818,1.818,1.818,1.818,1.818,1.818,1.818,1.818,1.818,1.818,1.818,1.818,1.818,1.818,1.818,1.818,1.818,1.818,1.818,1.818,1.818,1.818,1.818,1.818,1.818,1.818,1.818,1.818,1.818,1.818,1.818,1.818,1.818,1.818,1.818,1.818,1.818,1.818,1.818,1.818,1.818,1.818,1.818,1.818,1.818,1.818,1.818,1.818,1.818,1.818,1.818,1.818,1.818,1.818,1.818,1.818,1.818,1.818,1.818,1.818,1.818,1.818,1.818,1.818,1.818,1.818,1.818,1.818,1.818,1.818,1.818,1.818,1.818,1.818,1.818,1.818,1.818,1.818,1.818,1.818,1.818,1.818,1.818,1.818,1.818,1.818,1.818,1.818,1.818,1.818,1.818,1.818,1.818,1.818,1.818,1.818,1.818,1.818,1.818,1.818,1.818,1.818,1.818,1.818,1.818,1.818,1.818,1.818,1.818,1.818,1.818,1.818,1.818,1.818,1.818,1.818,1.818,1.818,1.818,1.818,1.818,1.818,1.818,1.818,1.818,1.818,1.818,1.818,1.818,1.818,1.818,1.818,1.818,1.818,1.818,1.818,1.818,1.818,1.818,1.818,1.818,1.818,1.818,1.818,1.818,1.818,1.818,1.818,1.818,1.818,1.818,1.818,1.818,1.818,1.818,1.818,1.818,1.818,1.818,1.818,1.818,1.818,1.818,1.818,1.818,1.818,1.818,1.818,1.818,1.818,1.818,1.818,1.818,1.818,1.818,1.818,1.818,1.818,1.818,1.818,1.818,1.818,1.818,1.818,1.818,1.818,1.818,1.818,1.818,1.818,1.818,1.818,1.818,1.818,1.818,1.818,1.818,1.818,1.818,1.818,1.818,1.818,1.818,1.818,1.818,1.818,1.818,1.818,1.818,1.818,1.818,1.818,1.818,1.818,1.818,1.818,1.818,1.818,1.818,1.818,1.818,1.818,1.818,1.818,1.818,1.818,1.818,1.818,1.818,1.818,1.818,1.818,1.818,1.818,1.818,1.818,1.818,1.818,1.818,1.818,1.818,1.818,1.818,1.818,1.818,1.818,1.818,1.818,1.818,1.818,1.818,1.818,1.818,1.818,1.818,1.818,1.818,1.818,1.818,1.818,1.818,1.818,1.818,1.818,1.818,1.818,1.818,1.818,1.818,1.818,1.818,1.818,1.818,1.818,1.818,1.818,1.818,1.818,1.818,1.818,1.818,1.818,1.818,1.818,1.818,1.818,1.818,1.818,1.818,1.818,1.818,1.818,1.818,1.818,1.818,1.818,1.818,1.818,1.818,1.818,1.818,1.818,1.818,1.818,1.818,1.818,1.818,1.818,1.818,1.818,1.818,1.818,1.818,1.818,1.818,1.818,1.818,1.818,1.818,1.818,1.818,1.818,1.818,1.818,1.818,1.818,1.818,1.818,1.818,1.818,1.818,1.818,1.818,1.818,1.818,1.818,1.818,1.818,1.818,1.818,1.818,1.818,1.818,1.818,1.818,1.818,1.818,1.818,1.818,1.818,0.454,0.15,0.15,0.15,0.15,c,0.909,f,0.909,g,0.909,f,0.909,c,0.909,a,0.909,c,0.909,f,0.909,g,0.909,f,0.909,c,0.909,g,0.909,b,0.909,e,0.909,f,0.909,e,0.909,b,0.909,d,0.909,a,0.909,d,0.909,a,0.909,d,0.909,c,0.909,a,0.909,c,0.909,e,0.909,a,0.909,e,0.909,c,0.909,a,0.909,c,0.909,e,0.909,a,0.909,e,0.909,c,0.909,g,0.909,b,0.909,e,0.909,f,0.909,e,0.909,b,0.909,d,0.909,a,0.909,d,0.909,a,0.909,d,0.909,c,0.909,f,0.909,c,0.909,f,0.909,a,0.909,f,0.909,c,0.909,g,0.909,c,0.909,e,0.909,g,0.909,e,0.909,c,0.909,a,0.909,c,0.909,e,0.909,a,0.909,e,0.909,c,0.909,d,0,d,0.909,a,0.909,d,0.909,a,0.909,c,0.909,e,0.909,f,0.909,c,0.909,f,0.909,a,0.909,f,0.909,c,0.909,g,0.909,c,0.909,e,0.909,g,0.909,e,0.909,c,0.909,d,0.909,f,0.909,b,0.909,d,0.909,b,0.909,f,0.909,d,0.909,a,0.909,d,0.909,e,1.818,1.818,1.818,1.818,0.909,a,1.818,e,0.909,a,1.818,e,0.909,a,1.818,e,0.909,a,1.818,e,0.909,c,1.818,b,0.909,f,1.818,e,0.909,a,0.15,0.15,e,0.15,0.15,a,1.818,1.818,0.909,0.454,0.15,0.15,0.15,a,0.909,0.454,a,0.909,a,0.909,e,0.454,a,0.909,0.454,a,0.909,a,0.909,e,0.454,a,0.454,c,0,e,0.454,c,0,e,0.454,a,0.454,c,0,e,0.454,a,0.454,c,0,e,0.454,e,0.454,a,0.454,c,0,e,0.454,c,0,e,0.454,a,0.454,c,0,e,0.454,a,0.454,c,0,e,0.454,e,0.454,a,0.454,c,0,e,0.454,c,0,e,0.454,a,0.454,c,0,e,0.454,a,0.454,c,0,e,0.454,e,0.454,a,0.454,c,0,e,0.454,c,0,e,0.454,a,0.454,c,0,e,0.454,a,0.454,c,0,e,0.454,e,0.454,d,0.454,f,0,a,0.454,f,0,a,0.454,d,0.454,f,0,a,0.454,d,0.454,f,0,a,0.454,a,0.454,a,0.454,c,0,e,0.454,c,0,e,0.454,a,0.454,e,0.454,g,0,b,0.454,e,0.454,g,0,b,0.454,a,0.454,c,0,e,0.454,c,0,e,0.454,a,0.454,c,0,e,0.454,a,0.454,c,0,e,0.454,e,0.454,a,0.454,c,0,e,0.454,c,0,e,0.454,a,0.454,c,0,e,0.454,a,0.454,c,0,e,0.454,e,0.454,d,0.454,f,0,a,0.454,f,0,a,0.454,d,0.454,f,0,a,0.454,d,0.454,f,0,a,0.454,a,0.454,a,0.454,c,0,e,0.454,c,0,e,0.454,a,0.454,e,0.454,g,0,b,0.454,e,0.454,g,0,b,0.454,d,0.909,f,0,a,0.454,f,0,a,0.909,f,0,a,0.909,f,0,a,0.454,c,0.909,e,0,g,0.454,e,0,g,0.909,e,0,g,0.909,e,0,g,0.454,d,0.909,f,0,a,0.454,f,0,a,0.909,f,0,a,0.909,f,0,a,0.454,d,0.909,f,0,b,0.454,f,0,b,0.909,f,0,b,0.909,f,0,b,0.454,d,0.15,0.15,f,0.15,0.15,a,0.15,0.15,c,1.818,1.818,1.818,0.909,0.454,0.15,0.15,c,0.15,0.15,e,0.15,0.15,g,0.15,0.15,c,1.818,0.909,0.454,0.15,0.15,g,0.15,0.15,c,0.15,0.15,e,1.818,0.909,0.454,0.15,0.15,0.15,a,0.454,c,0,e,0.454,c,0,e,0.454,a,0.454,c,0,e,0.454,c,0,e,0.454,a,0.454,c,0,e,0.454,c,0,e,0.454,a,0.454,c,0,e,0.454,c,0,e,0.454,a,0.454,c,0,e,0.454,a,0.454,c,0,e,0.454,a,0.454,c,0,e,0.454,c,0,e,0.454,a,0.454,c,0,e,0.454,c,0,e,0.454,a,0.454,c,0,e,0.454,c,0,e,0.454,a,0.454,c,0,e,0.454,c,0,e,0.454,a,0.454,c,0,e,0.454,a,0.454,c,0,e,0.454,a,0.454,c,0,e,0.454,c,0,e,0.454,a,0.454,c,0,e,0.454,c,0,e,0.454,a,0.454,c,0,e,0.454,c,0,e,0.454,a,0.454,c,0,e,0.454,c,0,e,0.454,a,0.454,c,0,e,0.454,a,0.454,c,0,e,0.454,d,0.454,f,0,a,0.454,f,0,a,0.454,d,0.454,f,0,a,0.454,f,0,a,0.454,d,0.454,f,0,a,0.454,a,0.454,c,0,e,0.454,c,0,e,0.454,a,0.454,e,0.454,g,0,b,0.454,e,0.454,g,0,b,0.454,a,0.454,c,0,e,0.454,c,0,e,0.454,a,0.454,c,0,e,0.454,c,0,e,0.454,a,0.454,c,0,e,0.454,c,0,e,0.454,a,0.454,c,0,e,0.454,c,0,e,0.454,a,0.454,c,0,e,0.454,a,0.454,c,0,e,0.454,d,0.454,f,0,a,0.454,f,0,a,0.454,d,0.454,f,0,a,0.454,f,0,a,0.454,d,0.454,f,0,a,0.454,a,0.454,c,0,e,0.454,c,0,e,0.454,a,0.454,e,0.454,g,0,b,0.454,e,0.454,g,0,b,0.454,d,0.15,0.15,f,0.15,0.15,a,0.15,0.15,d,1.818,0.909,0.454,0.15,0.15,c,0.15,0.15,e,0.15,0.15,g,0.15,0.15,c,1.818,0.909,0.454,0.15,0.15,d,1.818,f,0,a,1.818,d,0.15,0.15,f,0.15,0.15,a,0.15,0.15,c,0.15,0.15,f,0.15,0.15,a,0.15,0.15,c,1.818,0.909,0.15,0.15,0.15,e,1.818,1.818,1.818,1.818,d,1.818,1.818,d,1.818,1.818,e,1.818,1.818,b,1.818,1.818,a,0.15,0.15,e,0.15,0.15,a,1.818,1.818,1.818,1.818,1.818,1.818,1.818,1.818,1.818,1.818,1.818,1.818,1.818,1.818,1.818,1.818,1.818,1.818,1.818,1.818,1.818,1.818,1.818,1.818,1.818,1.818,1.818,1.818,1.818,1.818,1.818,1.818,1.818,1.818,1.818,1.818,1.818,1.818,1.818,1.818,1.818,1.818,1.818,1.818,1.818,1.818,1.818,1.818,1.818,1.818,1.818,1.818,1.818,1.818,1.818,1.818,1.818,1.818,1.818,1.818,1.818,1.818,1.818,1.818,1.818,1.818,1.818,1.818,1.818,1.818,1.818,1.818,1.818,1.818,1.818,1.818,1.818,1.818,1.818,1.818,1.818,1.818,1.818,1.818,1.818,1.818,1.818,1.818,1.818,1.818,1.818,1.818,1.818,1.818,1.818,1.818,1.818,1.818,1.818,1.818,1.818,1.818,1.818,1.818,1.818,1.818,1.818,1.818,1.818,1.818,1.818,1.818,1.818,1.818,1.818,1.818,1.818,1.818,1.818,1.818,1.818,1.818,1.818,1.818,1.818,1.818,1.818,1.818,1.818,1.818,1.818,1.818,1.818,1.818,1.818,1.818,1.818,1.818,1.818,1.818,1.818,1.818,1.818,1.818,1.818,1.818,1.818,1.818,1.818,1.818,1.818,1.818,1.818,1.818,1.818,1.818,1.818,1.818,1.818,1.818,1.818,1.818,1.818,1.818,1.818,1.818,1.818,1.818,1.818,1.818,1.818,1.818,1.818,1.818,1.818,1.818,1.818,1.818,1.818,1.818,1.818,1.818,1.818,1.818,1.818,1.818,1.818,1.818,1.818,1.818,1.818,1.818,1.818,1.818,1.818,1.818,1.818,1.818,1.818,1.818,1.818,1.818,1.818,1.818,1.818,1.818,1.818,1.818,1.818,1.818,1.818,1.818,1.818,1.818,1.818,1.818,1.818,1.818,1.818,1.818,1.818,1.818,1.818,1.818,1.818,1.818,1.818,1.818,1.818,1.818,1.818,1.818,1.818,1.818,1.818,1.818,1.818,1.818,1.818,1.818,1.818,1.818,1.818,1.818,1.818,1.818,1.818,1.818,1.818,1.818,1.818,1.818,1.818,1.818,1.818,1.818,1.818,1.818,1.818,1.818,1.818,1.818,1.818,1.818,1.818,1.818,1.818,1.818,1.818,1.818,1.818,1.818,1.818,1.818,1.818,1.818,1.818,1.818,1.818,1.818,1.818,1.818,1.818,1.818,1.818,1.818,1.818,1.818,1.818,1.818,1.818,1.818,1.818,1.818,1.818,1.818,1.818,1.818,1.818,1.818,1.818,1.818,1.818,1.818,1.818,1.818,1.818,1.818,1.818,1.818,1.818,1.818,1.818,1.818,1.818,1.818,1.818,1.818,1.818,1.818,1.818,1.818,1.818,1.818,1.818,1.818,1.818,1.818,1.818,1.818,1.818,1.818,1.818,1.818,1.818,1.818,1.818,1.818,1.818,1.818,1.818,1.818,1.818,1.818,1.818,1.818,1.818,1.818,1.818,1.818,1.818,1.818,1.818,1.818,1.818,1.818,1.818,1.818,1.818,1.818,1.818,1.818,1.818,1.818,1.818,1.818,1.818,1.818,1.818,1.818,1.818,1.818,1.818,1.818,1.818,1.818,1.818,1.818,1.818,1.818,1.818,1.818,1.818,1.818,1.818,1.818,1.818,1.818,1.818,1.818,1.818,1.818,1.818,1.818,1.818,1.818,1.818,1.818,1.818,1.818,1.818,1.818,1.818,1.818,1.818,1.818,1.818,1.818,1.818,1.818,1.818,1.818,1.818,1.818,1.818,1.818,1.818,1.818,1.818,1.818,1.818,1.818,1.818,1.818,1.818,1.818,1.818,1.818,1.818,1.818,1.818,1.818,1.818,1.818,1.818,1.818,1.818,1.818,1.818,1.818,1.818,1.818,1.818,1.818,1.818,1.818,1.818,1.818,1.818,1.818,1.818,1.818,1.818,1.818,1.818,1.818,1.818,1.818,1.818,1.818,1.818,1.818,1.818,1.818,1.818,1.818,1.818,1.818,1.818,1.818,1.818,1.818,1.818,1.818,1.818,1.818,1.818,1.818,1.818,1.818,1.818,1.818,1.818,1.818,1.818,1.818,1.818,1.818,1.818,1.818,1.818,1.818,1.818,1.818,1.818,1.818,1.818,1.818,1.818,1.818,1.818,1.818,1.818,1.818,1.818,1.818,1.818,1.818,1.818,1.818,1.818,1.818,1.818,1.818,1.818,1.818,1.818,1.818,1.818,1.818,1.818,1.818,1.818,1.818,1.818,1.818,1.818,1.818,1.818,1.818,1.818,1.818,1.818,1.818,1.818,1.818,1.818,1.818,1.818,1.818,1.818,1.818,1.818,1.818,1.818,1.818,1.818,1.818,1.818,1.818,1.818,1.818,1.818,1.818,1.818,1.818,1.818,1.818,1.818,1.818,1.818,1.818,1.818,1.818,1.818,1.818,1.818,1.818,1.818,1.818,1.818,1.818,1.818,1.818,1.818,1.818,1.818,1.818,1.818,1.818,1.818,1.818,1.818,1.818,1.818,1.818,1.818,1.818,1.818,1.818,1.818,1.818,1.818,1.818,1.818,1.818,1.818,1.818,1.818,1.818,1.818,1.818,1.818,1.818,1.818,1.818,1.818,1.818,1.818,1.818,1.818,1.818,1.818,1.818,1.818,1.818,1.818,1.818,1.818,1.818,1.818,1.818,1.818,1.818,1.818,1.818,1.818,1.818,1.818,1.818,1.818,1.818,1.818,1.818,1.818,1.818,1.818,1.818,1.818,1.818,1.818,1.818,1.818,1.818,1.818,1.818,1.818,1.818,1.818,1.818,1.818,1.818,1.818,1.818,1.818,1.818,1.818,1.818,1.818,1.818,1.818,1.818,1.818,1.818,1.818,1.818,1.818,1.818,1.818,1.818,1.818,1.818,1.818,1.818,1.818,1.818,1.818,1.818,1.818,1.818,1.818,1.818,1.818,1.818,1.818,1.818,1.818,1.818,1.818,1.818,1.818,1.818,1.818,1.818,1.818,1.818,1.818,1.818,1.818,1.818,1.818,1.818,1.818,1.818,1.818,1.818,1.818,1.818,1.818,1.818,1.818,1.818,1.818,1.818,1.818,1.818,1.818,1.818,1.818,1.818,1.818,1.818,1.818,1.818,1.818,1.818,1.818,1.818,1.818,1.818,1.818,1.818,1.818,1.818,1.818,1.818,1.818,1.818,1.818,1.818,1.818,1.818,1.818,1.818,1.818,1.818,1.818,1.818,1.818,1.818,1.818,1.818,1.818,1.818,1.818,1.818,1.818,1.818,1.818,1.818,1.818,1.818,1.818,1.818,1.818,1.818,1.818,1.818,1.818,1.818,1.818,1.818,1.818,1.818,1.818,1.818,1.818,1.818,1.818,1.818,1.818,1.818,1.818,1.818,1.818,1.818,1.818,1.818,1.818,1.818,1.818,1.818,1.818,1.818,1.818,1.818,1.818,1.818,1.818,1.818,1.818,1.818,1.818,1.818,1.818,1.818,1.818,1.818,1.818,1.818,1.818,1.818,1.818,1.818,1.818,1.818,1.818,1.818,1.818,1.818,1.818,1.818,1.818,1.818,1.818,1.818,1.818,1.818,1.818,1.818,1.818,1.818,1.818,1.818,1.818,1.818,1.818,1.818,1.818,1.818,1.818,1.818,1.818,1.818,1.818,1.818,1.818,1.818,1.818,1.818,1.818,1.818,1.818,1.818,1.818,1.818,1.818,1.818,1.818,1.818,1.818,1.818,1.818,1.818,1.818,1.818,1.818,1.818,1.818,1.818,1.818,1.818,1.818,1.818,1.818,1.818,1.818,1.818,1.818,1.818,1.818,1.818,1.818,1.818,1.818,1.818,1.818,1.818,1.818,1.818,1.818,1.818,1.818,1.818,1.818,1.818,1.818,1.818,1.818,1.818,1.818,1.818,1.818,1.818,1.818,1.818,1.818,1.818,1.818,1.818,1.818,1.818,1.818,1.818,1.818,1.818,1.818,1.818,1.818,1.818,1.818,1.818,1.818,1.818,1.818,1.818,1.818,1.818,1.818,1.818,1.818,1.818,1.818,1.818,1.818,1.818,1.818,1.818,1.818,1.818,1.818,1.818,1.818,1.818,1.818,1.818,1.818,1.818,1.818,1.818,1.818,1.818,1.818,1.818,1.818,1.818,1.818,1.818,1.818,1.818,1.818,1.818,1.818,1.818,1.818,1.818,1.818,1.818,1.818,1.818,1.818,1.818,1.818,1.818,1.818,1.818,1.818,1.818,1.818,1.818,1.818,1.818,1.818,1.818,1.818,1.818,1.818,1.818,1.818,1.818,1.818,1.818,1.818,1.818,1.818,1.818,1.818,1.818,1.818,1.818,1.818,1.818,1.818,1.818,1.818,1.818,1.818,1.818,1.818,1.818,1.818,1.818,1.818,1.818,1.818,1.818,1.818,1.818,1.818,1.818,1.818,1.818,1.818,1.818,1.818,1.818,1.818,1.818,1.818,1.818,1.818,1.818,1.818,1.818,1.818,1.818,1.818,1.818,1.818,1.818,1.818,1.818,1.818,1.818,1.818,1.818,1.818,1.818,1.818,1.818,1.818,1.818,1.818,1.818,1.818,1.818,1.818,1.818,1.818,1.818,1.818,1.818,1.818,1.818,1.818,1.818,1.818,1.818,1.818,1.818,1.818,1.818,1.818,1.818,1.818,1.818,1.818,1.818,1.818,1.818,1.818,1.818,1.818,1.818,1.818,1.818,1.818,1.818,1.818,1.818,1.818,1.818,1.818,1.818,1.818,1.818,1.818,1.818,1.818,1.818,1.818,1.818,1.818,1.818,1.818,1.818,1.818,1.818,1.818,1.818,1.818,1.818,1.818,1.818,1.818,1.818,1.818,1.818,1.818,1.818,1.818,1.818,1.818,1.818,1.818,1.818,1.818,1.818,1.818,1.818,1.818,1.818,1.818,1.818,1.818,1.818,1.818,1.818,1.818,1.818,1.818,1.818,1.818,1.818,1.818,1.818,1.818,1.818,1.818,1.818,1.818,1.818,1.818,1.818,1.818,1.818,1.818,1.818,1.818,1.818,1.818,1.818,1.818,1.818,1.818,1.818,1.818,1.818,1.818,1.818,1.818,1.818,1.818,1.818,1.818,1.818,1.818,1.818,1.818,1.818,1.818,1.818,1.818,1.818,1.818,1.818,1.818,1.818,1.818,1.818,1.818,1.818,1.818,1.818,1.818,1.818,1.818,1.818,1.818,1.818,1.818,1.818,1.818,1.818,1.818,1.818,1.818,1.818,1.818,1.818,1.818,1.818,1.818,1.818,1.818,1.818,1.818,1.818,1.818,1.818,1.818,1.818,1.818,1.818,1.818,1.818,1.818,1.818,1.818,1.818,1.818,1.818,1.818,1.818,1.818,1.818,1.818,1.818,1.818,1.818,1.818,1.818,1.818,1.818,1.818,1.818,1.818,1.818,1.818,1.818,1.818,1.818,1.818,1.818,1.818,1.818,1.818,1.818,1.818,1.818,1.818,1.818,1.818,1.818,1.818,1.818,1.818,1.818,1.818,1.818,1.818,1.818,1.818,1.818,1.818,1.818,1.818,1.818,1.818,1.818,1.818,1.818,1.818,1.818,1.818,1.818,1.818,1.818,1.818,1.818,1.818,1.818,1.818,1.818,1.818,1.818,1.818,1.818,1.818,1.818,1.818,1.818,1.818,1.818,1.818,1.818,1.818,1.818,1.818,1.818,1.818,1.818,1.818,1.818,1.818,1.818,1.818,1.818,1.818,1.818,1.818,1.818,1.818,1.818,1.818,1.818,1.818,1.818,1.818,1.818,1.818,1.818,1.818,1.818,1.818,1.818,1.818,1.818,1.818,1.818,1.818,1.818,1.818,1.818,1.818,1.818,1.818,1.818,1.818,1.818,1.818,1.818,1.818,1.818,1.818,1.818,1.818,1.818,1.818,1.818,1.818,1.818,1.818,1.818,1.818,1.818,1.818,1.818,1.818,1.818,1.818,1.818,1.818,1.818,1.818,1.818,1.818,1.818,1.818,1.818,1.818,1.818,1.818,1.818,1.818,1.818,1.818,1.818,1.818,1.818,1.818,1.818,1.818,1.818,1.818,1.818,1.818,1.818,1.818,1.818,1.818,1.818,1.818,1.818,1.818,1.818,1.818,1.818,1.818,1.818,1.818,1.818,1.818,1.818,1.818,1.818,1.818,1.818,1.818,1.818,1.818,1.818,1.818,1.818,1.818,1.818,1.818,1.818,1.818,1.818,1.818,1.818,1.818,1.818,1.818,1.818,1.818,1.818,1.818,1.818,1.818,1.818,1.818,1.818,1.818,1.818,1.818,1.818,1.818,1.818,1.818,1.818,1.818,1.818,1.818,1.818,1.818,1.818,1.818,1.818,1.818,1.818,1.818,1.818,1.818,1.818,1.818,1.818,1.818,1.818,1.818,1.818,1.818,1.818,1.818,1.818,1.818,1.818,1.818,1.818,1.818,1.818,1.818,1.818,1.818,1.818,1.818,1.818,1.818,1.818,1.818,1.818,1.818,1.818,1.818,1.818,1.818,1.818,1.818,1.818,1.818,1.818,1.818,1.818,1.818,1.818,1.818,1.818,1.818,1.818,1.818,1.818,1.818,1.818,1.818,1.818,1.818,1.818,1.818,1.818,1.818,1.818,1.818,1.818,1.818,1.818,1.818,1.818,1.818,1.818,1.818,1.818,1.818,1.818,1.818,1.818,1.818,1.818,1.818,1.818,1.818,1.818,1.818,1.818,1.818,1.818,1.818,1.818,1.818,1.818,1.818,1.818,1.818,1.818,1.818,1.818,1.818,1.818,1.818,1.818,1.818,1.818,1.818,1.818,1.818,1.818,1.818,1.818,1.818,1.818,1.818,1.818,1.818,1.818,1.818,1.818,1.818,1.818,1.818,1.818,1.818,1.818,1.818,1.818,1.818,1.818,1.818,1.818,1.818,1.818,1.818,1.818,1.818,1.818,1.818,1.818,1.818,1.818,1.818,1.818,1.818,1.818,1.818,1.818,1.818,1.818,1.818,1.818,1.818,1.818,1.818,1.818,1.818,1.818,1.818,1.818,1.818,1.818,1.818,1.818,1.818,1.818,1.818,1.818,1.818,1.818,1.818,1.818,1.818,1.818,1.818,1.818,1.818,1.818,1.818,1.818,1.818,1.818,1.818,1.818,1.818,1.818,1.818,1.818,1.818,1.818,1.818,1.818,1.818,1.818,1.818,1.818,1.818,1.818,1.818,1.818,1.818,1.818,1.818,1.818,1.818,1.818,1.818,1.818,1.818,1.818,1.818,1.818,1.818,1.818,1.818,1.818,1.818,1.818,1.818,1.818,1.818,1.818,1.818,1.818,1.818,1.818,1.818,1.818,1.818,1.818,1.818,1.818,1.818,1.818,1.818,1.818,1.818,1.818,1.818,1.818,1.818,1.818,1.818,1.818,1.818,1.818,1.818,1.818,1.818,1.818,1.818,1.818,1.818,1.818,1.818,1.818,1.818,1.818,1.818,1.818,1.818,1.818,1.818,1.818,1.818,1.818,1.818,1.818,1.818,1.818,1.818,1.818,1.818,1.818,1.818,1.818,1.818,1.818,1.818,1.818,1.818,1.818,1.818,1.818,1.818,1.818,1.818,1.818,1.818,1.818,1.818,1.818,1.818,1.818,1.818,1.818,1.818,1.818,1.818,1.818,1.818,1.818,1.818,1.818,1.818,1.818,1.818,1.818,1.818,1.818,1.818,1.818,1.818,1.818,1.818,1.818,1.818,1.818,1.818,1.818,1.818,1.818,1.818,1.818,1.818,1.818,1.818,1.818,1.818,1.818,1.818,1.818,1.818,1.818,1.818,1.818,1.818,1.818,1.818,1.818,1.818,1.818,1.818,1.818,1.818,1.818,1.818,1.818,1.818,1.818,1.818,1.818,1.818,1.818,1.818,1.818,1.818,1.818,1.818,1.818,1.818,1.818,1.818,1.818,1.818,1.818,1.818,1.818,1.818,1.818,1.818,1.818,1.818,1.818,1.818,1.818,1.818,1.818,1.818,1.818,1.818,1.818,1.818,1.818,1.818,1.818,1.818,1.818,1.818,1.818,1.818,1.818,1.818,1.818,1.818,1.818,1.818,1.818,1.818,1.818,1.818,1.818,1.818,1.818,1.818,1.818,1.818,1.818,1.818,1.818,1.818,1.818,1.818,1.818,1.818,1.818,1.818,1.818,1.818,1.818,1.818,1.818,1.818,1.818,1.818,1.818,1.818,1.818,1.818,1.818,1.818,1.818,1.818,1.818,1.818,1.818,1.818,1.818,1.818,1.818,1.818,1.818,1.818,1.818,1.818,1.818,1.818,1.818,1.818,1.818,1.818,1.818,1.818,1.818,1.818,1.818,1.818,1.818,1.818,1.818,1.818,1.818,1.818,1.818,1.818,1.818,1.818,1.818,1.818,1.818,1.818,1.818,1.818,1.818,1.818,1.818,1.818,1.818,1.818,1.818,1.818,1.818,1.818,1.818,1.818,1.818,1.818,1.818,1.818,1.818,1.818,1.818,1.818,1.818,1.818,1.818,1.818,1.818,1.818,1.818,1.818,1.818,1.818,1.818,1.818,1.818,1.818,1.818,1.818,1.818,1.818,1.818,1.818,1.818,1.818,1.818,1.818,1.818,1.818,1.818,1.818,1.818,1.818,1.818,1.818,1.818,1.818,1.818,1.818,1.818,1.818,1.818,1.818,1.818,1.818,1.818,1.818,1.818,1.818,1.818,1.818,1.818,1.818,1.818,1.818,1.818,1.818,1.818,1.818,1.818,1.818,1.818,1.818,1.818,1.818,1.818,1.818,1.818,1.818,1.818,1.818,1.818,1.818,1.818,1.818,1.818,1.818,1.818,1.818,1.818,1.818,1.818,1.818,1.818,1.818,1.818,1.818,1.818,1.818,1.818,1.818,1.818,1.818,1.818,1.818,1.818,1.818,1.818,1.818,1.818,1.818,1.818,1.818,1.818,1.818,1.818,1.818,1.818,1.818,1.818,1.818,1.818,1.818,1.818,1.818,1.818,1.818,1.818,1.818,1.818,1.818,1.818,1.818,1.818,1.818,1.818,1.818,1.818,1.818,1.818,1.818,1.818,1.818,1.818,1.818,1.818,1.818,1.818,1.818,1.818,1.818,1.818,1.818,1.818,1.818,1.818,1.818,1.818,1.818,1.818,1.818,1.818,1.818,1.818,1.818,1.818,1.818,1.818,1.818,1.818,1.818,1.818,1.818,1.818,1.818,1.818,1.818,1.818,1.818,1.818,1.818,1.818,1.818,1.818,1.818,1.818,1.818,1.818,1.818,1.818,1.818,1.818,1.818,1.818,1.818,1.818,1.818,1.818,1.818,1.818,1.818,1.818,1.818,1.818,1.818,1.818,1.818,0.454,0.15,0.15,0.15,0.15,l,0,e,1.818,1.818,e,1.818,1.818,1.818,1.818,1.818,1.818,1.818,1.818,c,0,j,1.818,0.909,b,0,i,0.909,e,0,l,1.818,1.818,a,0,h,1.818,0.909,m,0,f,0.909,c,0,j,1.818,b,0,i,1.818,c,0,j,1.818,0.909,f,0,m,0.909,e,0,l,1.818,1.818,a,0,h,1.818,0.909,d,0,k,0.909,c,0,j,1.818,b,0,i,1.818,a,0,c,0,h,1.818,1.818,n,0,e,0,g,1.818,1.818,a,0,h,1.818,m,0,f,1.818,c,0,j,1.818,1.818,m,0,f,1.818,1.818,1.818,1.818,o,1.818,c,1.818,o,1.818,m,1.818,l,1.818,1.818,b,1.818,1.818,h,









