e,0.2,0.02,0.01,0.02,0.01,0.02,0.01,a,c,f,0.2,0.02,0.01,0.02,0.01,0.02,0.01,j,0.2,0.02,0.01,0.02,0.01,0.02,0.01,i,0.2,0.02,0.01,0.02,0.01,0.02,0.01,h,0.2,0.02,0.01,0.02,0.01,0.02,0.01,i,0.2,0.02,0.01,0.02,0.01,0.02,0.01,j,0.1,0.02,0.01,0.01,0.01,0.01,0.01,0.01,i,0.2,0.1,0.02,0.01,0.1,0.01,0.01,h,0.2,0.02,0.01,0.02,0.01,0.02,0.01,b,e,0.2,0.02,0.01,0.02,0.01,0.02,0.01,j,0.2,0.02,0.01,0.02,0.01,0.02,0.01,i,0.2,0.02,0.01,0.02,0.01,0.02,0.01,h,0.2,0.02,0.01,0.02,0.01,0.02,0.01,i,0.2,0.02,0.01,0.02,0.01,0.02,0.01,j,0.1,0.02,0.01,0.01,0.01,0.01,0.01,0.01,i,0.2,0.1,0.02,0.01,0.1,0.01,0.01,h,0.2,0.02,0.01,0.02,0.01,0.02,0.01,a,c,e,0.2,0.1,0.02,0.01,0.2,0.1,0.02,0.01,0.2,0.01,0.01,0.01,k,0.2,0.02,0.01,0.02,0.01,0.02,0.01,j,0.1,0.02,0.01,0.01,0.01,0.01,0.01,0.01,i,0.2,0.1,0.02,0.01,0.2,0.1,0.02,0.01,0.2,0.01,0.01,0.01,e,0.1,0.02,0.01,0.01,0.01,0.01,0.01,0.01,b,g,i,0.2,0.02,0.01,0.02,0.01,0.02,0.01,h,0.1,0.02,0.01,0.01,0.01,0.01,0.01,0.01,g,0.2,0.1,0.02,0.01,0.1,0.01,0.01,h,0.2,0.02,0.01,0.02,0.01,0.02,0.01,c,f,i,0.2,0.02,0.01,0.02,0.01,0.02,0.01,h,0.2,0.02,0.01,0.02,0.01,0.02,0.01,e,g,j,0.2,0.1,0.02,0.01,0.2,0.02,0.01,0.01,0.01,0.01,0.01,0.01,a,c,f,0.2,0.02,0.01,0.02,0.01,0.02,0.01,j,0.2,0.02,0.01,0.02,0.01,0.02,0.01,c,f,i,0.2,0.02,0.01,0.02,0.01,0.02,0.01,h,0.2,0.02,0.01,0.02,0.01,0.02,0.01,c,f,i,0.2,0.02,0.01,0.02,0.01,0.02,0.01,j,0.1,0.02,0.01,0.01,0.01,0.01,0.01,0.01,i,0.1,0.02,0.01,0.01,0.01,0.01,0.01,0.01,c,f,0.2,0.02,0.01,0.02,0.01,0.02,0.01,h,0.2,0.02,0.01,0.02,0.01,0.02,0.01,b,e,0.2,0.02,0.01,0.02,0.01,0.02,0.01,j,0.2,0.02,0.01,0.02,0.01,0.02,0.01,e,g,i,0.2,0.02,0.01,0.02,0.01,0.02,0.01,h,0.2,0.02,0.01,0.02,0.01,0.02,0.01,e,g,i,0.2,0.02,0.01,0.02,0.01,0.02,0.01,j,0.1,0.02,0.01,0.01,0.01,0.01,0.01,0.01,i,0.1,0.02,0.01,0.01,0.01,0.01,0.01,0.01,e,0.2,0.02,0.01,0.02,0.01,0.02,0.01,i,l,0.2,0.02,0.01,0.02,0.01,0.02,0.01,b,f,j,0.2,0.02,0.01,0.02,0.01,0.02,0.01,i,0.2,0.02,0.01,0.02,0.01,0.02,0.01,b,0.2,0.02,0.01,0.02,0.01,0.02,0.01,h,0.2,0.02,0.01,0.02,0.01,0.02,0.01,f,i,0.2,0.02,0.01,0.02,0.01,0.02,0.01,h,0.2,0.02,0.01,0.02,0.01,0.02,0.01,b,0.2,0.02,0.01,0.02,0.01,0.02,0.01,m,0.1,0.02,0.01,0.01,0.01,0.01,0.01,0.01,n,0.1,0.02,0.01,0.01,0.01,0.01,0.01,0.01,d,h,o,0.2,0.02,0.01,0.02,0.01,0.02,0.01,n,0.1,0.02,0.01,0.01,0.01,0.01,0.01,0.01,m,0.2,0.1,0.02,0.01,0.1,0.01,0.01,l,0.2,0.02,0.01,0.02,0.01,0.02,0.01,e,g,j,0.2,0.02,0.01,0.02,0.01,0.02,0.01,i,0.2,0.02,0.01,0.02,0.01,0.02,0.01,i,0.2,0.1,0.02,0.01,0.2,0.1,0.02,0.01,0.2,0.01,0.01,0.01,j,0.2,0.02,0.01,0.02,0.01,0.02,0.01,j,0.2,0.02,0.01,0.02,0.01,0.02,0.01,i,0.2,0.02,0.01,0.02,0.01,0.02,0.01,e,g,j,0.2,0.02,0.01,0.02,0.01,0.02,0.01,i,0.1,0.02,0.01,0.01,0.01,0.01,0.01,0.01,j,0.2,0.1,0.02,0.01,0.1,0.01,0.01,g,l,0.2,0.02,0.01,0.02,0.01,0.02,0.01,a,e,h,j,0.2,0.02,0.01,0.02,0.01,0.02,0.01,h,j,0.1,0.02,0.01,0.01,0.01,0.01,0.01,0.01,h,j,0.1,0.02,0.01,0.01,0.01,0.01,0.01,0.01,a,e,h,j,0.1,0.02,0.01,0.01,0.01,0.01,0.01,0.01,h,j,0.1,0.02,0.01,0.01,0.01,0.01,0.01,0.01,h,j,0.1,0.02,0.01,0.01,0.01,0.01,0.01,0.01,h,j,0.1,0.02,0.01,0.01,0.01,0.01,0.01,0.01,a,e,h,k,0.2,0.02,0.01,0.02,0.01,0.02,0.01,j,0.1,0.02,0.01,0.01,0.01,0.01,0.01,0.01,i,0.1,0.02,0.01,0.01,0.01,0.01,0.01,0.01,a,e,0.2,0.02,0.01,0.02,0.01,0.02,0.01,h,j,0.2,0.02,0.01,0.02,0.01,0.02,0.01,c,e,0.2,0.02,0.01,0.02,0.01,0.02,0.01,g,j,0.1,0.02,0.01,0.01,0.01,0.01,0.01,0.01,g,j,0.1,0.02,0.01,0.01,0.01,0.01,0.01,0.01,c,e,g,j,0.1,0.02,0.01,0.01,0.01,0.01,0.01,0.01,g,j,0.1,0.02,0.01,0.01,0.01,0.01,0.01,0.01,g,j,0.2,0.02,0.01,0.02,0.01,0.02,0.01,c,e,g,k,0.2,0.02,0.01,0.02,0.01,0.02,0.01,j,0.1,0.02,0.01,0.01,0.01,0.01,0.01,0.01,g,i,0.1,0.02,0.01,0.01,0.01,0.01,0.01,0.01,c,e,0.2,0.02,0.01,0.02,0.01,0.02,0.01,g,j,0.2,0.02,0.01,0.02,0.01,0.02,0.01,c,f,0.2,0.02,0.01,0.02,0.01,0.02,0.01,h,j,0.1,0.02,0.01,0.01,0.01,0.01,0.01,0.01,h,j,0.1,0.02,0.01,0.01,0.01,0.01,0.01,0.01,c,f,h,j,0.1,0.02,0.01,0.01,0.01,0.01,0.01,0.01,h,j,0.1,0.02,0.01,0.01,0.01,0.01,0.01,0.01,h,j,0.2,0.02,0.01,0.02,0.01,0.02,0.01,c,f,h,k,0.2,0.02,0.01,0.02,0.01,0.02,0.01,j,0.1,0.02,0.01,0.01,0.01,0.01,0.01,0.01,i,0.1,0.02,0.01,0.01,0.01,0.01,0.01,0.01,c,f,0.2,0.02,0.01,0.02,0.01,0.02,0.01,h,j,0.2,0.02,0.01,0.02,0.01,0.02,0.01,a,e,h,j,0.2,0.1,0.02,0.01,0.1,0.01,0.01,a,0.1,0.02,0.01,0.01,0.01,0.01,0.01,0.01,e,j,o,0.2,0.02,0.01,0.02,0.01,0.02,0.01,a,0.2,0.02,0.01,0.02,0.01,0.02,0.01,e,g,i,n,0.2,0.02,0.01,0.02,0.01,0.02,0.01,e,g,0.2,0.02,0.01,0.02,0.01,0.02,0.01,e,g,i,0.2,0.02,0.01,0.02,0.01,0.02,0.01,j,0.2,0.02,0.01,0.02,0.01,0.02,0.01,c,f,0.2,0.02,0.01,0.02,0.01,0.02,0.01,h,j,0.1,0.02,0.01,0.01,0.01,0.01,0.01,0.01,h,j,0.1,0.02,0.01,0.01,0.01,0.01,0.01,0.01,c,f,h,j,0.1,0.02,0.01,0.01,0.01,0.01,0.01,0.01,h,j,0.1,0.02,0.01,0.01,0.01,0.01,0.01,0.01,h,j,0.1,0.02,0.01,0.01,0.01,0.01,0.01,0.01,h,j,0.1,0.02,0.01,0.01,0.01,0.01,0.01,0.01,c,f,h,k,0.2,0.02,0.01,0.02,0.01,0.02,0.01,j,0.1,0.02,0.01,0.01,0.01,0.01,0.01,0.01,i,0.1,0.02,0.01,0.01,0.01,0.01,0.01,0.01,c,f,0.2,0.02,0.01,0.02,0.01,0.02,0.01,h,j,0.2,0.02,0.01,0.02,0.01,0.02,0.01,b,e,g,i,0.2,0.02,0.01,0.02,0.01,0.02,0.01,g,j,0.1,0.02,0.01,0.01,0.01,0.01,0.01,0.01,g,j,0.1,0.02,0.01,0.01,0.01,0.01,0.01,0.01,b,e,g,j,0.1,0.02,0.01,0.01,0.01,0.01,0.01,0.01,g,j,0.1,0.02,0.01,0.01,0.01,0.01,0.01,0.01,g,j,0.1,0.02,0.01,0.01,0.01,0.01,0.01,0.01,g,j,0.1,0.02,0.01,0.01,0.01,0.01,0.01,0.01,b,e,g,k,0.2,0.02,0.01,0.02,0.01,0.02,0.01,j,0.1,0.02,0.01,0.01,0.01,0.01,0.01,0.01,g,i,0.1,0.02,0.01,0.01,0.01,0.01,0.01,0.01,b,e,0.2,0.02,0.01,0.02,0.01,0.02,0.01,g,j,0.2,0.02,0.01,0.02,0.01,0.02,0.01,a,d,f,i,0.2,0.1,0.02,0.01,0.2,0.02,0.01,0.01,0.01,0.01,0.01,0.01,a,d,0.2,0.02,0.01,0.02,0.01,0.02,0.01,h,0.2,0.02,0.01,0.02,0.01,0.02,0.01,a,d,f,i,0.2,0.02,0.01,0.02,0.01,0.02,0.01,a,0.1,0.02,0.01,0.01,0.01,0.01,0.01,0.01,b,0.2,0.1,0.02,0.01,0.1,0.01,0.01,f,i,0.2,0.02,0.01,0.02,0.01,0.02,0.01,a,e,h,0.2,0.1,0.02,0.01,0.2,0.02,0.01,0.01,0.01,0.01,0.01,0.01,a,e,0.2,0.02,0.01,0.02,0.01,0.02,0.01,a,e,0.2,0.02,0.01,0.02,0.01,0.02,0.01,a,e,h,0.2,0.1,0.02,0.01,0.2,0.02,0.01,0.01,0.01,0.01,0.01,0.01,b,e,g,0.2,0.1,0.02,0.01,0.1,0.01,0.01,i,0.1,0.02,0.01,0.01,0.01,0.01,0.01,0.01,c,f,j,0.2,0.1,0.02,0.01,0.1,0.01,0.01,c,0.1,0.02,0.01,0.01,0.01,0.01,0.01,0.01,f,h,0.2,0.02,0.01,0.02,0.01,0.02,0.01,c,0.2,0.02,0.01,0.02,0.01,0.02,0.01,c,f,h,0.1,0.02,0.01,0.01,0.01,0.01,0.01,0.01,e,0.1,0.02,0.01,0.01,0.01,0.01,0.01,0.01,f,0.1,0.02,0.01,0.01,0.01,0.01,0.01,0.01,c,h,0.2,0.1,0.02,0.01,0.1,0.01,0.01,c,e,h,0.2,0.02,0.01,0.02,0.01,0.02,0.01,a,e,h,0.2,0.1,0.02,0.01,0.1,0.01,0.01,a,e,h,0.2,0.1,0.02,0.01,0.1,0.01,0.01,e,i,0.2,0.02,0.01,0.02,0.01,0.02,0.01,a,e,h,0.2,0.1,0.02,0.01,0.1,0.01,0.01,c,e,0.1,0.02,0.01,0.01,0.01,0.01,0.01,0.01,g,0.2,0.02,0.01,0.02,0.01,0.02,0.01,c,e,0.1,0.02,0.01,0.01,0.01,0.01,0.01,0.01,i,0.1,0.02,0.01,0.01,0.01,0.01,0.01,0.01,d,f,j,0.2,0.1,0.02,0.01,0.1,0.01,0.01,a,0.1,0.02,0.01,0.01,0.01,0.01,0.01,0.01,d,h,0.2,0.02,0.01,0.02,0.01,0.02,0.01,d,0.2,0.02,0.01,0.02,0.01,0.02,0.01,d,f,h,0.1,0.02,0.01,0.01,0.01,0.01,0.01,0.01,e,0.1,0.02,0.01,0.01,0.01,0.01,0.01,0.01,f,0.1,0.02,0.01,0.01,0.01,0.01,0.01,0.01,d,h,0.2,0.02,0.01,0.02,0.01,0.02,0.01,a,0.1,0.02,0.01,0.01,0.01,0.01,0.01,0.01,d,e,h,0.2,0.02,0.01,0.02,0.01,0.02,0.01,a,e,h,0.2,0.1,0.02,0.01,0.1,0.01,0.01,a,e,h,0.2,0.1,0.02,0.01,0.1,0.01,0.01,a,e,i,0.2,0.02,0.01,0.02,0.01,0.02,0.01,c,e,h,0.2,0.1,0.02,0.01,0.1,0.01,0.01,c,0.1,0.02,0.01,0.01,0.01,0.01,0.01,0.01,e,g,0.2,0.02,0.01,0.02,0.01,0.02,0.01,c,0.1,0.02,0.01,0.01,0.01,0.01,0.01,0.01,i,0.1,0.02,0.01,0.01,0.01,0.01,0.01,0.01,c,f,j,0.2,0.1,0.02,0.01,0.1,0.01,0.01,c,0.1,0.02,0.01,0.01,0.01,0.01,0.01,0.01,f,h,0.2,0.02,0.01,0.02,0.01,0.02,0.01,c,0.2,0.02,0.01,0.02,0.01,0.02,0.01,c,f,h,0.1,0.02,0.01,0.01,0.01,0.01,0.01,0.01,e,0.1,0.02,0.01,0.01,0.01,0.01,0.01,0.01,f,0.1,0.02,0.01,0.01,0.01,0.01,0.01,0.01,c,h,0.2,0.1,0.02,0.01,0.1,0.01,0.01,c,e,h,0.2,0.02,0.01,0.02,0.01,0.02,0.01,a,e,h,0.2,0.1,0.02,0.01,0.1,0.01,0.01,a,e,h,0.2,0.1,0.02,0.01,0.1,0.01,0.01,e,i,0.2,0.02,0.01,0.02,0.01,0.02,0.01,a,e,h,0.2,0.1,0.02,0.01,0.1,0.01,0.01,c,e,0.1,0.02,0.01,0.01,0.01,0.01,0.01,0.01,g,0.2,0.02,0.01,0.02,0.01,0.02,0.01,c,e,0.1,0.02,0.01,0.01,0.01,0.01,0.01,0.01,i,0.1,0.02,0.01,0.01,0.01,0.01,0.01,0.01,d,f,j,0.2,0.1,0.02,0.01,0.1,0.01,0.01,a,0.1,0.02,0.01,0.01,0.01,0.01,0.01,0.01,d,h,0.2,0.02,0.01,0.02,0.01,0.02,0.01,d,0.2,0.02,0.01,0.02,0.01,0.02,0.01,d,f,h,0.1,0.02,0.01,0.01,0.01,0.01,0.01,0.01,e,0.1,0.02,0.01,0.01,0.01,0.01,0.01,0.01,f,0.1,0.02,0.01,0.01,0.01,0.01,0.01,0.01,d,h,0.2,0.02,0.01,0.02,0.01,0.02,0.01,a,0.1,0.02,0.01,0.01,0.01,0.01,0.01,0.01,d,e,h,0.2,0.02,0.01,0.02,0.01,0.02,0.01,a,e,h,0.2,0.1,0.02,0.01,0.1,0.01,0.01,a,e,h,0.2,0.1,0.02,0.01,0.1,0.01,0.01,a,e,h,0.2,0.02,0.01,0.02,0.01,0.02,0.01,e,g,0.1,0.02,0.01,0.01,0.01,0.01,0.01,0.01,a,0.1,0.02,0.01,0.01,0.01,0.01,0.01,0.01,e,0.1,0.02,0.01,0.01,0.01,0.01,0.01,0.01,a,g,0.2,0.02,0.01,0.02,0.01,0.02,0.01,c,0.1,0.02,0.01,0.01,0.01,0.01,0.01,0.01,e,g,0.2,0.02,0.01,0.02,0.01,0.02,0.01,a,g,0.01,0.01,0.01,0.01,









