f,j,m,0.2,0.02,0.01,0.02,0.01,j,0.2,0.02,0.01,0.02,0.01,j,0.2,0.02,0.01,0.02,0.01,j,0.2,0.02,0.01,0.02,0.01,j,0.2,0.02,0.01,0.02,0.01,j,0.2,0.02,0.01,0.02,0.01,l,0.2,0.02,0.01,0.02,0.01,k,0.2,0.02,0.01,0.02,0.01,i,0.2,0.02,0.01,0.02,0.01,j,0.2,0.02,0.01,0.02,0.01,h,0.2,0.02,0.01,0.02,0.01,g,0.2,0.02,0.01,0.02,0.01,f,j,0.2,0.02,0.01,0.02,0.01,j,0.2,0.02,0.01,0.02,0.01,j,0.2,0.02,0.01,0.02,0.01,j,0.2,0.02,0.01,0.02,0.01,j,0.2,0.02,0.01,0.02,0.01,j,0.2,0.02,0.01,0.02,0.01,d,f,i,0.2,0.02,0.01,0.02,0.01,h,0.2,0.02,0.01,0.02,0.01,f,0.2,0.02,0.01,0.02,0.01,h,0.2,0.02,0.01,0.02,0.01,g,0.2,0.1,0.02,0.01,0.1,0.02,0.01,0.02,0.01,0.01,h,j,m,0.2,0.02,0.01,0.02,0.01,j,0.2,0.02,0.01,0.02,0.01,j,0.2,0.02,0.01,0.02,0.01,j,0.2,0.02,0.01,0.02,0.01,j,0.2,0.02,0.01,0.02,0.01,j,0.2,0.02,0.01,0.02,0.01,g,j,l,0.2,0.02,0.01,0.02,0.01,k,0.2,0.02,0.01,0.02,0.01,i,0.2,0.02,0.01,0.02,0.01,j,0.2,0.02,0.01,0.02,0.01,h,0.2,0.02,0.01,0.02,0.01,g,0.2,0.02,0.01,0.02,0.01,f,j,0.2,0.02,0.01,0.02,0.01,j,0.2,0.02,0.01,0.02,0.01,f,j,0.2,0.02,0.01,0.02,0.01,k,0.2,0.02,0.01,0.02,0.01,g,k,0.2,0.02,0.01,0.02,0.01,k,0.2,0.02,0.01,0.02,0.01,f,h,l,0.2,0.02,0.01,0.02,0.01,f,l,0.2,0.02,0.01,0.02,0.01,f,h,l,0.2,0.02,0.01,0.02,0.01,m,0.2,0.02,0.01,0.02,0.01,g,i,m,0.2,0.02,0.01,0.02,0.01,m,0.2,0.02,0.01,0.02,0.01,e,j,n,0.2,0.02,0.01,0.02,0.01,e,n,0.2,0.02,0.01,0.02,0.01,e,h,k,n,0.2,0.02,0.01,0.02,0.01,f,m,o,0.2,0.02,0.01,0.02,0.01,f,m,o,0.2,0.02,0.01,0.02,0.01,f,m,o,0.2,0.02,0.01,0.02,0.01,f,i,0.2,0.02,0.01,0.02,0.01,h,0.2,0.02,0.01,0.02,0.01,g,0.2,0.02,0.01,0.02,0.01,f,h,0.2,0.02,0.01,0.02,0.01,g,0.2,0.02,0.01,0.02,0.01,f,0.2,0.02,0.01,0.02,0.01,f,i,0.2,0.02,0.01,0.02,0.01,h,0.2,0.02,0.01,0.02,0.01,g,0.2,0.02,0.01,0.02,0.01,f,h,0.2,0.02,0.01,0.02,0.01,g,0.2,0.02,0.01,0.02,0.01,f,0.2,0.02,0.01,0.02,0.01,i,l,0.2,0.02,0.01,0.02,0.01,h,k,0.2,0.02,0.01,0.02,0.01,f,j,0.2,0.02,0.01,0.02,0.01,h,k,0.2,0.02,0.01,0.02,0.01,g,j,0.2,0.02,0.01,0.02,0.01,i,0.2,0.02,0.01,0.02,0.01,d,g,i,0.2,0.02,0.01,0.02,0.01,h,0.2,0.02,0.01,0.02,0.01,d,g,0.2,0.02,0.01,0.02,0.01,h,0.2,0.02,0.01,0.02,0.01,d,g,0.2,0.02,0.01,0.02,0.01,e,0.2,0.02,0.01,0.02,0.01,c,f,h,0.2,0.1,0.02,0.01,0.2,0.1,0.02,0.01,0.02,0.01,0.02,0.01,0.02,0.01,j,0.2,0.1,0.02,0.01,0.2,0.1,0.02,0.01,0.2,0.1,0.02,0.01,0.2,0.02,0.01,0.02,0.01,j,0.2,0.02,0.01,0.02,0.01,j,0.2,0.02,0.01,0.02,0.01,j,0.2,0.02,0.01,0.02,0.01,h,0.2,0.02,0.01,0.02,0.01,g,j,l,0.2,0.1,0.02,0.01,0.1,0.02,0.01,0.02,0.01,0.01,k,0.2,0.1,0.02,0.01,0.1,0.02,0.01,0.02,0.01,0.01,i,0.2,0.1,0.02,0.01,0.1,0.02,0.01,0.02,0.01,0.01,d,h,j,0.2,0.1,0.02,0.01,0.1,0.02,0.01,0.02,0.01,0.01,h,0.2,0.1,0.02,0.01,0.1,0.02,0.01,0.02,0.01,0.01,g,0.2,0.1,0.02,0.01,0.1,0.02,0.01,0.02,0.01,0.01,c,f,0.2,0.1,0.02,0.01,0.2,0.1,0.02,0.01,0.02,0.01,0.02,0.01,0.02,0.01,i,0.2,0.1,0.02,0.01,0.2,0.1,0.02,0.01,0.02,0.01,0.02,0.01,0.02,0.01,h,0.2,0.1,0.02,0.01,0.2,0.1,0.02,0.01,0.02,0.01,0.02,0.01,0.02,0.01,g,0.2,0.1,0.02,0.01,0.2,0.1,0.02,0.01,0.02,0.01,0.02,0.01,0.02,0.01,a,d,f,0.2,0.1,0.02,0.01,0.2,0.1,0.02,0.01,0.2,0.1,0.02,0.01,0.2,0.1,0.02,0.01,0.1,0.02,0.01,0.02,0.01,0.02,0.01,d,0.2,0.1,0.02,0.01,0.1,0.02,0.01,0.02,0.01,0.01,e,0.2,0.1,0.02,0.01,0.1,0.02,0.01,0.02,0.01,0.01,a,c,f,0.2,0.1,0.02,0.01,0.2,0.1,0.02,0.01,0.02,0.01,0.02,0.01,0.02,0.01,c,h,j,0.2,0.1,0.02,0.01,0.2,0.1,0.02,0.01,0.02,0.01,0.02,0.01,0.02,0.01,j,0.2,0.02,0.01,0.02,0.01,j,0.2,0.02,0.01,0.02,0.01,j,0.2,0.02,0.01,0.02,0.01,h,0.2,0.02,0.01,0.02,0.01,g,j,l,0.2,0.1,0.02,0.01,0.1,0.02,0.01,0.02,0.01,0.01,k,0.2,0.1,0.02,0.01,0.1,0.02,0.01,0.02,0.01,0.01,i,0.2,0.1,0.02,0.01,0.1,0.02,0.01,0.02,0.01,0.01,e,h,j,0.2,0.1,0.02,0.01,0.1,0.02,0.01,0.02,0.01,0.01,h,0.2,0.1,0.02,0.01,0.1,0.02,0.01,0.02,0.01,0.01,g,0.2,0.1,0.02,0.01,0.1,0.02,0.01,0.02,0.01,0.01,d,f,0.2,0.1,0.02,0.01,0.2,0.1,0.02,0.01,0.02,0.01,0.02,0.01,0.02,0.01,i,0.2,0.1,0.02,0.01,0.2,0.1,0.02,0.01,0.02,0.01,0.02,0.01,0.02,0.01,h,0.2,0.1,0.02,0.01,0.2,0.1,0.02,0.01,0.02,0.01,0.02,0.01,0.02,0.01,g,0.2,0.1,0.02,0.01,0.2,0.1,0.02,0.01,0.02,0.01,0.02,0.01,0.02,0.01,c,f,m,0.2,0.02,0.01,0.02,0.01,c,m,0.2,0.1,0.02,0.01,0.1,0.02,0.01,0.02,0.01,0.01,c,m,0.2,0.02,0.01,0.02,0.01,c,m,0.2,0.1,0.02,0.01,0.1,0.02,0.01,0.02,0.01,0.01,e,g,n,0.2,0.02,0.01,0.02,0.01,e,n,0.2,0.02,0.01,0.02,0.01,n,0.2,0.02,0.01,0.02,0.01,f,h,o,0.2,0.02,0.01,0.02,0.01,f,o,0.2,0.02,0.01,0.02,0.01,o,0.2,0.02,0.01,0.02,0.01,f,0.2,0.1,0.02,0.01,0.2,0.1,0.02,0.01,0.02,0.01,0.02,0.01,0.02,0.01,i,0.2,0.1,0.02,0.01,0.2,0.1,0.02,0.01,0.02,0.01,0.02,0.01,0.02,0.01,h,0.2,0.1,0.02,0.01,0.2,0.1,0.02,0.01,0.02,0.01,0.02,0.01,0.02,0.01,g,0.2,0.1,0.02,0.01,0.2,0.1,0.02,0.01,0.02,0.01,0.02,0.01,0.02,0.01,c,f,m,0.2,0.02,0.01,0.02,0.01,m,0.2,0.02,0.01,0.02,0.01,c,m,0.2,0.02,0.01,0.02,0.01,m,0.2,0.02,0.01,0.02,0.01,c,m,0.2,0.02,0.01,0.02,0.01,m,0.2,0.02,0.01,0.02,0.01,a,i,0.2,0.02,0.01,0.02,0.01,i,0.2,0.02,0.01,0.02,0.01,a,i,0.2,0.02,0.01,0.02,0.01,i,0.2,0.02,0.01,0.02,0.01,a,i,0.2,0.02,0.01,0.02,0.01,i,0.2,0.02,0.01,0.02,0.01,b,j,0.2,0.02,0.01,0.02,0.01,j,0.2,0.02,0.01,0.02,0.01,b,j,0.2,0.02,0.01,0.02,0.01,j,0.2,0.02,0.01,0.02,0.01,b,j,0.2,0.02,0.01,0.02,0.01,j,0.2,0.02,0.01,0.02,0.01,c,g,0.2,0.02,0.01,0.02,0.01,g,0.2,0.02,0.01,0.02,0.01,c,g,n,0.2,0.02,0.01,0.02,0.01,g,0.2,0.02,0.01,0.02,0.01,c,g,o,0.2,0.02,0.01,0.02,0.01,g,0.2,0.02,0.01,0.02,0.01,f,h,m,0.2,0.02,0.01,0.02,0.01,h,m,0.2,0.02,0.01,0.02,0.01,f,h,m,0.2,0.02,0.01,0.02,0.01,h,m,0.2,0.02,0.01,0.02,0.01,f,h,m,0.2,0.02,0.01,0.02,0.01,h,m,0.2,0.02,0.01,0.02,0.01,b,f,i,0.2,0.02,0.01,0.02,0.01,i,0.2,0.02,0.01,0.02,0.01,b,f,i,0.2,0.02,0.01,0.02,0.01,i,0.2,0.02,0.01,0.02,0.01,b,f,i,0.2,0.02,0.01,0.02,0.01,i,0.2,0.02,0.01,0.02,0.01,c,f,j,m,0.2,0.02,0.01,0.02,0.01,c,j,0.2,0.02,0.01,0.02,0.01,f,m,0.2,0.02,0.01,0.02,0.01,c,j,0.2,0.02,0.01,0.02,0.01,c,f,j,m,0.2,0.1,0.02,0.01,0.1,0.02,0.01,0.02,0.01,0.01,c,f,i,j,m,0.2,0.02,0.01,0.02,0.01,c,j,0.2,0.02,0.01,0.02,0.01,f,i,m,0.2,0.02,0.01,0.02,0.01,c,j,0.2,0.02,0.01,0.02,0.01,c,f,i,j,m,0.2,0.02,0.01,0.02,0.01,j,0.2,0.02,0.01,0.02,0.01,b,f,h,n,0.2,0.02,0.01,0.02,0.01,b,j,0.2,0.02,0.01,0.02,0.01,h,0.2,0.02,0.01,0.02,0.01,b,j,n,0.2,0.02,0.01,0.02,0.01,b,h,j,0.2,0.02,0.01,0.02,0.01,j,o,0.2,0.02,0.01,0.02,0.01,e,g,j,0.2,0.02,0.01,0.02,0.01,e,j,m,0.2,0.02,0.01,0.02,0.01,g,0.2,0.02,0.01,0.02,0.01,e,j,0.2,0.02,0.01,0.02,0.01,e,g,j,0.2,0.1,0.02,0.01,0.1,0.02,0.01,0.02,0.01,0.01,f,j,m,0.2,0.02,0.01,0.02,0.01,j,0.2,0.02,0.01,0.02,0.01,f,m,0.2,0.02,0.01,0.02,0.01,j,0.2,0.02,0.01,0.02,0.01,f,j,m,0.2,0.1,0.02,0.01,0.1,0.02,0.01,0.02,0.01,0.01,b,i,j,0.2,0.02,0.01,0.02,0.01,j,0.2,0.02,0.01,0.02,0.01,b,i,0.2,0.02,0.01,0.02,0.01,j,0.2,0.02,0.01,0.02,0.01,b,i,j,0.2,0.1,0.02,0.01,0.1,0.02,0.01,0.02,0.01,0.01,a,g,0.2,0.02,0.01,0.02,0.01,i,0.2,0.02,0.01,0.02,0.01,a,j,0.2,0.02,0.01,0.02,0.01,i,k,0.2,0.02,0.01,0.02,0.01,a,j,l,0.2,0.02,0.01,0.02,0.01,k,m,0.2,0.02,0.01,0.02,0.01,c,f,j,m,0.2,0.02,0.01,0.02,0.01,j,0.2,0.02,0.01,0.02,0.01,j,0.2,0.02,0.01,0.02,0.01,j,0.2,0.02,0.01,0.02,0.01,j,0.2,0.02,0.01,0.02,0.01,j,0.2,0.02,0.01,0.02,0.01,l,0.2,0.02,0.01,0.02,0.01,k,0.2,0.02,0.01,0.02,0.01,i,0.2,0.02,0.01,0.02,0.01,j,0.2,0.02,0.01,0.02,0.01,h,0.2,0.02,0.01,0.02,0.01,g,0.2,0.02,0.01,0.02,0.01,f,j,m,0.2,0.02,0.01,0.02,0.01,j,0.2,0.02,0.01,0.02,0.01,j,0.2,0.02,0.01,0.02,0.01,i,j,m,0.2,0.02,0.01,0.02,0.01,j,0.2,0.02,0.01,0.02,0.01,j,0.2,0.02,0.01,0.02,0.01,h,i,m,0.2,0.02,0.01,0.02,0.01,h,0.2,0.02,0.01,0.02,0.01,f,0.2,0.02,0.01,0.02,0.01,g,h,n,0.2,0.02,0.01,0.02,0.01,g,0.2,0.02,0.01,0.02,0.01,o,0.2,0.02,0.01,0.02,0.01,f,0.2,0.1,0.02,0.01,0.2,0.1,0.02,0.01,0.2,0.1,0.02,0.01,0.2,0.02,0.01,0.02,0.01,d,0.2,0.1,0.02,0.01,0.1,0.02,0.01,0.02,0.01,0.01,e,0.2,0.1,0.02,0.01,0.1,0.02,0.01,0.02,0.01,0.01,f,j,m,0.2,0.02,0.01,0.02,0.01,j,0.2,0.02,0.01,0.02,0.01,j,0.2,0.02,0.01,0.02,0.01,j,l,0.2,0.02,0.01,0.02,0.01,j,0.2,0.02,0.01,0.02,0.01,j,0.2,0.02,0.01,0.02,0.01,l,0.2,0.02,0.01,0.02,0.01,k,0.2,0.02,0.01,0.02,0.01,i,0.2,0.02,0.01,0.02,0.01,j,0.2,0.02,0.01,0.02,0.01,h,0.2,0.02,0.01,0.02,0.01,g,0.2,0.02,0.01,0.02,0.01,c,f,j,0.2,0.1,0.02,0.01,0.2,0.1,0.02,0.01,0.02,0.01,0.02,0.01,0.02,0.01,i,0.2,0.1,0.02,0.01,0.2,0.1,0.02,0.01,0.02,0.01,0.02,0.01,0.02,0.01,h,0.2,0.1,0.02,0.01,0.2,0.1,0.02,0.01,0.02,0.01,0.02,0.01,0.02,0.01,g,0.2,0.1,0.02,0.01,0.2,0.1,0.02,0.01,0.02,0.01,0.02,0.01,0.02,0.01,f,0.2,0.02,0.01,0.02,0.01,f,0.2,0.02,0.01,0.02,0.01,f,0.2,0.02,0.01,0.02,0.01,e,f,j,0.2,0.1,0.02,0.01,0.2,0.1,0.02,0.01,0.2,0.1,0.02,0.01,0.01,f,0.2,0.02,0.01,0.02,0.01,l,0.2,0.1,0.02,0.01,0.1,0.02,0.01,0.02,0.01,0.01,k,0.2,0.02,0.01,0.02,0.01,f,0.2,0.02,0.01,0.02,0.01,i,0.2,0.1,0.02,0.01,0.1,0.02,0.01,0.02,0.01,0.01,j,0.2,0.02,0.01,0.02,0.01,f,0.2,0.02,0.01,0.02,0.01,h,0.2,0.1,0.02,0.01,0.1,0.02,0.01,0.02,0.01,0.01,g,0.2,0.1,0.02,0.01,0.1,0.02,0.01,0.02,0.01,0.01,d,f,h,0.2,0.1,0.02,0.01,0.2,0.1,0.02,0.01,0.02,0.01,0.02,0.01,0.02,0.01,f,i,0.2,0.1,0.02,0.01,0.2,0.1,0.02,0.01,0.02,0.01,0.02,0.01,0.02,0.01,f,h,0.2,0.1,0.02,0.01,0.2,0.1,0.02,0.01,0.02,0.01,0.02,0.01,0.02,0.01,f,g,0.2,0.1,0.02,0.01,0.2,0.1,0.02,0.01,0.02,0.01,0.02,0.01,0.02,0.01,a,d,f,h,k,0.2,0.1,0.02,0.01,0.2,0.1,0.02,0.01,0.2,0.1,0.02,0.01,0.2,0.1,0.02,0.01,0.1,0.02,0.01,0.02,0.01,0.02,0.01,e,g,i,0.2,0.1,0.02,0.01,0.2,0.1,0.02,0.01,0.2,0.1,0.02,0.01,0.2,0.02,0.01,0.02,0.01,k,0.2,0.1,0.02,0.01,0.1,0.02,0.01,0.02,0.01,0.01,l,0.2,0.1,0.02,0.01,0.1,0.02,0.01,0.02,0.01,0.01,k,m,o,0.01,0.01,0.01,0.01,









