c,f,0.2,0.1,0.02,0.01,0.2,0.01,0.01,0.01,0.01,0.01,h,j,0.2,0.1,0.02,0.01,0.2,0.01,0.01,0.01,0.01,0.01,c,f,h,j,0.2,0.1,0.02,0.01,0.2,0.01,0.01,0.01,0.01,0.01,h,0.2,0.1,0.02,0.01,0.2,0.01,0.01,0.01,0.01,0.01,e,g,0.2,0.1,0.02,0.01,0.2,0.01,0.01,0.01,0.01,0.01,g,0.2,0.1,0.02,0.01,0.2,0.01,0.01,0.01,0.01,0.01,e,g,0.2,0.1,0.02,0.01,0.2,0.01,0.01,0.01,0.01,0.01,g,0.2,0.02,0.01,0.02,0.01,0.01,0.01,0.01,0.01,0.01,h,0.2,0.02,0.01,0.02,0.01,0.01,0.01,0.01,0.01,0.01,d,f,0.2,0.1,0.02,0.01,0.2,0.01,0.01,0.01,0.01,0.01,h,j,0.2,0.1,0.02,0.01,0.2,0.01,0.01,0.01,0.01,0.01,d,f,h,j,0.2,0.1,0.02,0.01,0.2,0.01,0.01,0.01,0.01,0.01,h,0.2,0.1,0.02,0.01,0.2,0.01,0.01,0.01,0.01,0.01,e,g,0.2,0.1,0.02,0.01,0.2,0.01,0.01,0.01,0.01,0.01,g,0.2,0.1,0.02,0.01,0.2,0.01,0.01,0.01,0.01,0.01,e,g,0.2,0.1,0.02,0.01,0.2,0.01,0.01,0.01,0.01,0.01,g,0.2,0.02,0.01,0.02,0.01,0.01,0.01,0.01,0.01,0.01,h,0.2,0.02,0.01,0.02,0.01,0.01,0.01,0.01,0.01,0.01,c,f,0.2,0.1,0.02,0.01,0.2,0.01,0.01,0.01,0.01,0.01,h,j,0.2,0.1,0.02,0.01,0.2,0.01,0.01,0.01,0.01,0.01,c,f,h,j,0.2,0.1,0.02,0.01,0.2,0.01,0.01,0.01,0.01,0.01,h,0.2,0.1,0.02,0.01,0.2,0.01,0.01,0.01,0.01,0.01,e,g,0.2,0.1,0.02,0.01,0.2,0.01,0.01,0.01,0.01,0.01,g,0.2,0.1,0.02,0.01,0.2,0.01,0.01,0.01,0.01,0.01,e,g,0.2,0.1,0.02,0.01,0.2,0.01,0.01,0.01,0.01,0.01,g,0.2,0.02,0.01,0.02,0.01,0.01,0.01,0.01,0.01,0.01,h,0.2,0.02,0.01,0.02,0.01,0.01,0.01,0.01,0.01,0.01,a,d,f,0.2,0.02,0.01,0.02,0.01,0.01,0.01,0.01,0.01,0.01,a,0.2,0.02,0.01,0.02,0.01,0.01,0.01,0.01,0.01,0.01,c,0.2,0.02,0.01,0.02,0.01,0.01,0.01,0.01,0.01,0.01,f,0.2,0.02,0.01,0.02,0.01,0.01,0.01,0.01,0.01,0.01,a,d,0.2,0.02,0.01,0.02,0.01,0.01,0.01,0.01,0.01,0.01,a,0.2,0.02,0.01,0.02,0.01,0.01,0.01,0.01,0.01,0.01,c,0.2,0.02,0.01,0.02,0.01,0.01,0.01,0.01,0.01,0.01,f,0.2,0.02,0.01,0.02,0.01,0.01,0.01,0.01,0.01,0.01,a,d,0.2,0.02,0.01,0.02,0.01,0.01,0.01,0.01,0.01,0.01,a,0.2,0.02,0.01,0.02,0.01,0.01,0.01,0.01,0.01,0.01,c,0.2,0.02,0.01,0.02,0.01,0.01,0.01,0.01,0.01,0.01,f,0.2,0.02,0.01,0.02,0.01,0.01,0.01,0.01,0.01,0.01,a,d,0.2,0.02,0.01,0.02,0.01,0.01,0.01,0.01,0.01,0.01,a,0.2,0.02,0.01,0.02,0.01,0.01,0.01,0.01,0.01,0.01,c,0.2,0.02,0.01,0.02,0.01,0.01,0.01,0.01,0.01,0.01,f,0.2,0.02,0.01,0.02,0.01,0.01,0.01,0.01,0.01,0.01,c,f,0.2,0.02,0.01,0.02,0.01,0.01,0.01,0.01,0.01,0.01,a,0.2,0.02,0.01,0.02,0.01,0.01,0.01,0.01,0.01,0.01,c,f,h,j,0.2,0.02,0.01,0.02,0.01,0.01,0.01,0.01,0.01,0.01,a,0.2,0.02,0.01,0.02,0.01,0.01,0.01,0.01,0.01,0.01,c,f,h,j,0.2,0.02,0.01,0.02,0.01,0.01,0.01,0.01,0.01,0.01,a,0.2,0.02,0.01,0.02,0.01,0.01,0.01,0.01,0.01,0.01,c,f,h,0.2,0.02,0.01,0.02,0.01,0.01,0.01,0.01,0.01,0.01,a,0.2,0.02,0.01,0.02,0.01,0.01,0.01,0.01,0.01,0.01,e,g,0.2,0.02,0.01,0.02,0.01,0.01,0.01,0.01,0.01,0.01,b,0.2,0.02,0.01,0.02,0.01,0.01,0.01,0.01,0.01,0.01,e,g,0.2,0.02,0.01,0.02,0.01,0.01,0.01,0.01,0.01,0.01,b,0.2,0.02,0.01,0.02,0.01,0.01,0.01,0.01,0.01,0.01,e,g,0.2,0.02,0.01,0.02,0.01,0.01,0.01,0.01,0.01,0.01,b,0.2,0.02,0.01,0.02,0.01,0.01,0.01,0.01,0.01,0.01,e,g,0.2,0.02,0.01,0.02,0.01,0.01,0.01,0.01,0.01,0.01,b,h,0.2,0.02,0.01,0.02,0.01,0.01,0.01,0.01,0.01,0.01,d,f,0.2,0.02,0.01,0.02,0.01,0.01,0.01,0.01,0.01,0.01,a,0.2,0.02,0.01,0.02,0.01,0.01,0.01,0.01,0.01,0.01,d,f,h,j,0.2,0.02,0.01,0.02,0.01,0.01,0.01,0.01,0.01,0.01,a,0.2,0.02,0.01,0.02,0.01,0.01,0.01,0.01,0.01,0.01,d,f,h,j,0.2,0.02,0.01,0.02,0.01,0.01,0.01,0.01,0.01,0.01,a,0.2,0.02,0.01,0.02,0.01,0.01,0.01,0.01,0.01,0.01,d,f,h,0.2,0.02,0.01,0.02,0.01,0.01,0.01,0.01,0.01,0.01,a,0.2,0.02,0.01,0.02,0.01,0.01,0.01,0.01,0.01,0.01,e,g,0.2,0.02,0.01,0.02,0.01,0.01,0.01,0.01,0.01,0.01,b,0.2,0.02,0.01,0.02,0.01,0.01,0.01,0.01,0.01,0.01,e,g,0.2,0.02,0.01,0.02,0.01,0.01,0.01,0.01,0.01,0.01,b,0.2,0.02,0.01,0.02,0.01,0.01,0.01,0.01,0.01,0.01,e,g,0.2,0.02,0.01,0.02,0.01,0.01,0.01,0.01,0.01,0.01,b,0.2,0.02,0.01,0.02,0.01,0.01,0.01,0.01,0.01,0.01,e,g,0.2,0.02,0.01,0.02,0.01,0.01,0.01,0.01,0.01,0.01,b,h,0.2,0.02,0.01,0.02,0.01,0.01,0.01,0.01,0.01,0.01,c,f,0.2,0.02,0.01,0.02,0.01,0.01,0.01,0.01,0.01,0.01,a,0.2,0.02,0.01,0.02,0.01,0.01,0.01,0.01,0.01,0.01,c,f,h,j,0.2,0.02,0.01,0.02,0.01,0.01,0.01,0.01,0.01,0.01,a,0.2,0.02,0.01,0.02,0.01,0.01,0.01,0.01,0.01,0.01,c,f,h,j,0.2,0.02,0.01,0.02,0.01,0.01,0.01,0.01,0.01,0.01,a,0.2,0.02,0.01,0.02,0.01,0.01,0.01,0.01,0.01,0.01,c,f,h,0.2,0.02,0.01,0.02,0.01,0.01,0.01,0.01,0.01,0.01,a,0.2,0.02,0.01,0.02,0.01,0.01,0.01,0.01,0.01,0.01,e,g,0.2,0.02,0.01,0.02,0.01,0.01,0.01,0.01,0.01,0.01,b,0.2,0.02,0.01,0.02,0.01,0.01,0.01,0.01,0.01,0.01,e,g,0.2,0.02,0.01,0.02,0.01,0.01,0.01,0.01,0.01,0.01,b,0.2,0.02,0.01,0.02,0.01,0.01,0.01,0.01,0.01,0.01,e,g,0.2,0.02,0.01,0.02,0.01,0.01,0.01,0.01,0.01,0.01,b,0.2,0.02,0.01,0.02,0.01,0.01,0.01,0.01,0.01,0.01,e,g,0.2,0.02,0.01,0.02,0.01,0.01,0.01,0.01,0.01,0.01,b,h,0.2,0.02,0.01,0.02,0.01,0.01,0.01,0.01,0.01,0.01,a,d,f,0.2,0.02,0.01,0.02,0.01,0.01,0.01,0.01,0.01,0.01,a,0.2,0.02,0.01,0.02,0.01,0.01,0.01,0.01,0.01,0.01,c,0.2,0.02,0.01,0.02,0.01,0.01,0.01,0.01,0.01,0.01,f,0.2,0.02,0.01,0.02,0.01,0.01,0.01,0.01,0.01,0.01,a,d,0.2,0.02,0.01,0.02,0.01,0.01,0.01,0.01,0.01,0.01,a,0.2,0.02,0.01,0.02,0.01,0.01,0.01,0.01,0.01,0.01,c,0.2,0.02,0.01,0.02,0.01,0.01,0.01,0.01,0.01,0.01,f,0.2,0.02,0.01,0.02,0.01,0.01,0.01,0.01,0.01,0.01,a,d,0.2,0.02,0.01,0.02,0.01,0.01,0.01,0.01,0.01,0.01,a,0.2,0.02,0.01,0.02,0.01,0.01,0.01,0.01,0.01,0.01,c,0.2,0.02,0.01,0.02,0.01,0.01,0.01,0.01,0.01,0.01,f,0.2,0.02,0.01,0.02,0.01,0.01,0.01,0.01,0.01,0.01,a,d,0.2,0.1,0.02,0.01,0.2,0.01,0.01,0.01,0.01,0.01,h,0.2,0.1,0.02,0.01,0.2,0.01,0.01,0.01,0.01,0.01,c,f,g,0.2,0.1,0.02,0.01,0.2,0.1,0.02,0.01,0.1,0.02,0.01,0.02,0.01,c,f,0.2,0.02,0.01,0.02,0.01,0.01,0.01,0.01,0.01,0.01,c,f,0.2,0.1,0.02,0.01,0.2,0.01,0.01,0.01,0.01,0.01,c,f,0.2,0.1,0.02,0.01,0.2,0.01,0.01,0.01,0.01,0.01,b,e,f,0.2,0.1,0.02,0.01,0.2,0.1,0.02,0.01,0.1,0.02,0.01,0.02,0.01,b,e,0.2,0.02,0.01,0.02,0.01,0.01,0.01,0.01,0.01,0.01,b,e,0.2,0.1,0.02,0.01,0.2,0.01,0.01,0.01,0.01,0.01,b,e,j,0.2,0.02,0.01,0.02,0.01,0.01,0.01,0.01,0.01,0.01,h,0.2,0.02,0.01,0.02,0.01,0.01,0.01,0.01,0.01,0.01,a,d,g,0.2,0.1,0.02,0.01,0.2,0.1,0.02,0.01,0.1,0.02,0.01,0.02,0.01,a,d,0.2,0.02,0.01,0.02,0.01,0.01,0.01,0.01,0.01,0.01,a,d,0.2,0.1,0.02,0.01,0.2,0.01,0.01,0.01,0.01,0.01,a,d,0.2,0.02,0.01,0.02,0.01,0.01,0.01,0.01,0.01,0.01,g,0.2,0.02,0.01,0.02,0.01,0.01,0.01,0.01,0.01,0.01,b,e,f,0.2,0.1,0.02,0.01,0.2,0.1,0.02,0.01,0.1,0.02,0.01,0.02,0.01,b,e,0.2,0.02,0.01,0.02,0.01,0.01,0.01,0.01,0.01,0.01,b,e,0.2,0.1,0.02,0.01,0.2,0.01,0.01,0.01,0.01,0.01,b,e,g,0.2,0.02,0.01,0.02,0.01,0.01,0.01,0.01,0.01,0.01,h,0.2,0.02,0.01,0.02,0.01,0.01,0.01,0.01,0.01,0.01,c,f,g,0.2,0.1,0.02,0.01,0.2,0.1,0.02,0.01,0.1,0.02,0.01,0.02,0.01,c,f,0.2,0.02,0.01,0.02,0.01,0.01,0.01,0.01,0.01,0.01,c,f,0.2,0.1,0.02,0.01,0.2,0.01,0.01,0.01,0.01,0.01,c,f,0.2,0.1,0.02,0.01,0.2,0.01,0.01,0.01,0.01,0.01,b,e,f,0.2,0.1,0.02,0.01,0.2,0.1,0.02,0.01,0.1,0.02,0.01,0.02,0.01,b,e,0.2,0.02,0.01,0.02,0.01,0.01,0.01,0.01,0.01,0.01,b,e,0.2,0.1,0.02,0.01,0.2,0.01,0.01,0.01,0.01,0.01,b,e,j,0.2,0.02,0.01,0.02,0.01,0.01,0.01,0.01,0.01,0.01,h,0.2,0.02,0.01,0.02,0.01,0.01,0.01,0.01,0.01,0.01,a,d,g,0.2,0.1,0.02,0.01,0.2,0.1,0.02,0.01,0.1,0.02,0.01,0.02,0.01,a,d,0.2,0.02,0.01,0.02,0.01,0.01,0.01,0.01,0.01,0.01,a,d,0.2,0.1,0.02,0.01,0.2,0.01,0.01,0.01,0.01,0.01,a,d,0.2,0.02,0.01,0.02,0.01,0.01,0.01,0.01,0.01,0.01,g,0.2,0.02,0.01,0.02,0.01,0.01,0.01,0.01,0.01,0.01,b,e,f,0.2,0.1,0.02,0.01,0.2,0.1,0.02,0.01,0.1,0.02,0.01,0.02,0.01,b,e,h,j,0.2,0.02,0.01,0.02,0.01,0.01,0.01,0.01,0.01,0.01,b,e,h,l,0.2,0.1,0.02,0.01,0.2,0.01,0.01,0.01,0.01,0.01,b,e,h,m,0.2,0.1,0.02,0.01,0.2,0.01,0.01,0.01,0.01,0.01,c,f,h,n,0.2,0.1,0.02,0.01,0.2,0.1,0.02,0.01,0.1,0.02,0.01,0.02,0.01,c,f,h,n,0.2,0.02,0.01,0.02,0.01,0.01,0.01,0.01,0.01,0.01,c,f,h,n,0.2,0.1,0.02,0.01,0.2,0.01,0.01,0.01,0.01,0.01,c,f,h,j,l,0.2,0.02,0.01,0.02,0.01,0.01,0.01,0.01,0.01,0.01,h,j,l,0.2,0.02,0.01,0.02,0.01,0.01,0.01,0.01,0.01,0.01,a,c,e,0.2,0.1,0.02,0.01,0.2,0.1,0.02,0.01,0.1,0.02,0.01,0.02,0.01,a,c,e,0.2,0.02,0.01,0.02,0.01,0.01,0.01,0.01,0.01,0.01,a,c,e,0.2,0.1,0.02,0.01,0.2,0.01,0.01,0.01,0.01,0.01,a,c,e,h,m,0.2,0.1,0.02,0.01,0.2,0.01,0.01,0.01,0.01,0.01,b,e,i,n,0.2,0.1,0.02,0.01,0.2,0.1,0.02,0.01,0.1,0.02,0.01,0.02,0.01,b,e,i,n,0.2,0.02,0.01,0.02,0.01,0.01,0.01,0.01,0.01,0.01,b,e,i,n,0.2,0.02,0.01,0.02,0.01,0.01,0.01,0.01,0.01,0.01,h,m,0.2,0.02,0.01,0.02,0.01,0.01,0.01,0.01,0.01,0.01,b,e,i,n,0.2,0.02,0.01,0.02,0.01,0.01,0.01,0.01,0.01,0.01,j,o,0.2,0.02,0.01,0.02,0.01,0.01,0.01,0.01,0.01,0.01,a,d,0.2,0.02,0.01,0.02,0.01,0.01,0.01,0.01,0.01,0.01,i,n,0.2,0.02,0.01,0.02,0.01,0.01,0.01,0.01,0.01,0.01,h,m,0.2,0.02,0.01,0.02,0.01,0.01,0.01,0.01,0.01,0.01,a,d,h,j,0.2,0.02,0.01,0.02,0.01,0.01,0.01,0.01,0.01,0.01,a,d,h,l,0.2,0.1,0.02,0.01,0.2,0.01,0.01,0.01,0.01,0.01,a,d,h,m,0.2,0.1,0.02,0.01,0.2,0.01,0.01,0.01,0.01,0.01,c,f,h,n,0.2,0.1,0.02,0.01,0.2,0.1,0.02,0.01,0.1,0.02,0.01,0.02,0.01,c,f,h,n,0.2,0.02,0.01,0.02,0.01,0.01,0.01,0.01,0.01,0.01,c,f,h,n,0.2,0.1,0.02,0.01,0.2,0.01,0.01,0.01,0.01,0.01,c,f,h,j,l,0.2,0.02,0.01,0.02,0.01,0.01,0.01,0.01,0.01,0.01,h,j,l,0.2,0.02,0.01,0.02,0.01,0.01,0.01,0.01,0.01,0.01,a,c,e,0.2,0.1,0.02,0.01,0.2,0.1,0.02,0.01,0.1,0.02,0.01,0.02,0.01,a,c,e,0.2,0.02,0.01,0.02,0.01,0.01,0.01,0.01,0.01,0.01,a,c,e,0.2,0.1,0.02,0.01,0.2,0.01,0.01,0.01,0.01,0.01,a,c,e,h,m,0.2,0.1,0.02,0.01,0.2,0.01,0.01,0.01,0.01,0.01,b,e,i,n,0.2,0.1,0.02,0.01,0.2,0.1,0.02,0.01,0.1,0.02,0.01,0.02,0.01,b,e,i,n,0.2,0.02,0.01,0.02,0.01,0.01,0.01,0.01,0.01,0.01,b,e,i,n,0.2,0.02,0.01,0.02,0.01,0.01,0.01,0.01,0.01,0.01,h,m,0.2,0.02,0.01,0.02,0.01,0.01,0.01,0.01,0.01,0.01,b,e,i,n,0.2,0.02,0.01,0.02,0.01,0.01,0.01,0.01,0.01,0.01,j,o,0.2,0.02,0.01,0.02,0.01,0.01,0.01,0.01,0.01,0.01,a,d,0.2,0.02,0.01,0.02,0.01,0.01,0.01,0.01,0.01,0.01,i,n,0.2,0.02,0.01,0.02,0.01,0.01,0.01,0.01,0.01,0.01,h,m,0.2,0.02,0.01,0.02,0.01,0.01,0.01,0.01,0.01,0.01,a,d,h,l,0.2,0.02,0.01,0.02,0.01,0.01,0.01,0.01,0.01,0.01,a,d,j,0.2,0.02,0.01,0.02,0.01,0.01,0.01,0.01,0.01,0.01,h,0.2,0.02,0.01,0.02,0.01,0.01,0.01,0.01,0.01,0.01,a,d,g,0.2,0.1,0.02,0.01,0.2,0.01,0.01,0.01,0.01,0.01,c,f,g,0.2,0.02,0.01,0.02,0.01,0.01,0.01,0.01,0.01,0.01,a,0.2,0.02,0.01,0.02,0.01,0.01,0.01,0.01,0.01,0.01,c,f,0.2,0.02,0.01,0.02,0.01,0.01,0.01,0.01,0.01,0.01,a,0.2,0.02,0.01,0.02,0.01,0.01,0.01,0.01,0.01,0.01,c,f,0.2,0.02,0.01,0.02,0.01,0.01,0.01,0.01,0.01,0.01,a,0.2,0.02,0.01,0.02,0.01,0.01,0.01,0.01,0.01,0.01,c,f,0.2,0.02,0.01,0.02,0.01,0.01,0.01,0.01,0.01,0.01,a,0.2,0.02,0.01,0.02,0.01,0.01,0.01,0.01,0.01,0.01,b,e,f,0.2,0.02,0.01,0.02,0.01,0.01,0.01,0.01,0.01,0.01,b,0.2,0.02,0.01,0.02,0.01,0.01,0.01,0.01,0.01,0.01,b,e,0.2,0.02,0.01,0.02,0.01,0.01,0.01,0.01,0.01,0.01,b,0.2,0.02,0.01,0.02,0.01,0.01,0.01,0.01,0.01,0.01,b,e,0.2,0.02,0.01,0.02,0.01,0.01,0.01,0.01,0.01,0.01,b,0.2,0.02,0.01,0.02,0.01,0.01,0.01,0.01,0.01,0.01,b,e,j,0.2,0.02,0.01,0.02,0.01,0.01,0.01,0.01,0.01,0.01,b,h,0.2,0.02,0.01,0.02,0.01,0.01,0.01,0.01,0.01,0.01,d,f,g,0.2,0.02,0.01,0.02,0.01,0.01,0.01,0.01,0.01,0.01,a,0.2,0.02,0.01,0.02,0.01,0.01,0.01,0.01,0.01,0.01,d,f,0.2,0.02,0.01,0.02,0.01,0.01,0.01,0.01,0.01,0.01,a,0.2,0.02,0.01,0.02,0.01,0.01,0.01,0.01,0.01,0.01,d,f,0.2,0.02,0.01,0.02,0.01,0.01,0.01,0.01,0.01,0.01,a,0.2,0.02,0.01,0.02,0.01,0.01,0.01,0.01,0.01,0.01,d,f,0.2,0.02,0.01,0.02,0.01,0.01,0.01,0.01,0.01,0.01,a,g,0.2,0.02,0.01,0.02,0.01,0.01,0.01,0.01,0.01,0.01,b,e,f,0.2,0.02,0.01,0.02,0.01,0.01,0.01,0.01,0.01,0.01,b,0.2,0.02,0.01,0.02,0.01,0.01,0.01,0.01,0.01,0.01,b,e,0.2,0.02,0.01,0.02,0.01,0.01,0.01,0.01,0.01,0.01,b,0.2,0.02,0.01,0.02,0.01,0.01,0.01,0.01,0.01,0.01,b,e,0.2,0.02,0.01,0.02,0.01,0.01,0.01,0.01,0.01,0.01,b,0.2,0.02,0.01,0.02,0.01,0.01,0.01,0.01,0.01,0.01,b,e,g,0.2,0.02,0.01,0.02,0.01,0.01,0.01,0.01,0.01,0.01,b,h,0.2,0.02,0.01,0.02,0.01,0.01,0.01,0.01,0.01,0.01,c,f,g,0.2,0.02,0.01,0.02,0.01,0.01,0.01,0.01,0.01,0.01,a,0.2,0.02,0.01,0.02,0.01,0.01,0.01,0.01,0.01,0.01,c,f,0.2,0.02,0.01,0.02,0.01,0.01,0.01,0.01,0.01,0.01,a,0.2,0.02,0.01,0.02,0.01,0.01,0.01,0.01,0.01,0.01,c,f,0.2,0.02,0.01,0.02,0.01,0.01,0.01,0.01,0.01,0.01,a,0.2,0.02,0.01,0.02,0.01,0.01,0.01,0.01,0.01,0.01,c,f,0.2,0.02,0.01,0.02,0.01,0.01,0.01,0.01,0.01,0.01,a,0.2,0.02,0.01,0.02,0.01,0.01,0.01,0.01,0.01,0.01,b,e,f,0.2,0.02,0.01,0.02,0.01,0.01,0.01,0.01,0.01,0.01,b,0.2,0.02,0.01,0.02,0.01,0.01,0.01,0.01,0.01,0.01,b,e,0.2,0.02,0.01,0.02,0.01,0.01,0.01,0.01,0.01,0.01,b,0.2,0.02,0.01,0.02,0.01,0.01,0.01,0.01,0.01,0.01,b,e,0.2,0.02,0.01,0.02,0.01,0.01,0.01,0.01,0.01,0.01,b,0.2,0.02,0.01,0.02,0.01,0.01,0.01,0.01,0.01,0.01,b,e,j,0.2,0.02,0.01,0.02,0.01,0.01,0.01,0.01,0.01,0.01,b,h,0.2,0.02,0.01,0.02,0.01,0.01,0.01,0.01,0.01,0.01,d,f,g,0.2,0.02,0.01,0.02,0.01,0.01,0.01,0.01,0.01,0.01,a,0.2,0.02,0.01,0.02,0.01,0.01,0.01,0.01,0.01,0.01,d,f,0.2,0.02,0.01,0.02,0.01,0.01,0.01,0.01,0.01,0.01,a,0.2,0.02,0.01,0.02,0.01,0.01,0.01,0.01,0.01,0.01,d,f,0.2,0.02,0.01,0.02,0.01,0.01,0.01,0.01,0.01,0.01,a,0.2,0.02,0.01,0.02,0.01,0.01,0.01,0.01,0.01,0.01,d,f,0.2,0.02,0.01,0.02,0.01,0.01,0.01,0.01,0.01,0.01,a,g,0.2,0.02,0.01,0.02,0.01,0.01,0.01,0.01,0.01,0.01,b,e,f,0.2,0.02,0.01,0.02,0.01,0.01,0.01,0.01,0.01,0.01,b,0.2,0.02,0.01,0.02,0.01,0.01,0.01,0.01,0.01,0.01,b,e,0.2,0.02,0.01,0.02,0.01,0.01,0.01,0.01,0.01,0.01,b,h,j,0.2,0.02,0.01,0.02,0.01,0.01,0.01,0.01,0.01,0.01,b,e,h,l,0.2,0.02,0.01,0.02,0.01,0.01,0.01,0.01,0.01,0.01,b,0.2,0.02,0.01,0.02,0.01,0.01,0.01,0.01,0.01,0.01,b,e,h,m,0.2,0.02,0.01,0.02,0.01,0.01,0.01,0.01,0.01,0.01,b,0.2,0.02,0.01,0.02,0.01,0.01,0.01,0.01,0.01,0.01,c,f,h,n,0.2,0.02,0.01,0.02,0.01,0.01,0.01,0.01,0.01,0.01,a,0.2,0.02,0.01,0.02,0.01,0.01,0.01,0.01,0.01,0.01,c,f,0.2,0.02,0.01,0.02,0.01,0.01,0.01,0.01,0.01,0.01,a,h,n,0.2,0.02,0.01,0.02,0.01,0.01,0.01,0.01,0.01,0.01,c,f,h,n,0.2,0.02,0.01,0.02,0.01,0.01,0.01,0.01,0.01,0.01,a,0.2,0.02,0.01,0.02,0.01,0.01,0.01,0.01,0.01,0.01,c,f,h,j,l,0.2,0.02,0.01,0.02,0.01,0.01,0.01,0.01,0.01,0.01,a,h,j,l,0.2,0.02,0.01,0.02,0.01,0.01,0.01,0.01,0.01,0.01,c,e,0.2,0.02,0.01,0.02,0.01,0.01,0.01,0.01,0.01,0.01,a,0.2,0.02,0.01,0.02,0.01,0.01,0.01,0.01,0.01,0.01,c,e,0.2,0.02,0.01,0.02,0.01,0.01,0.01,0.01,0.01,0.01,a,0.2,0.02,0.01,0.02,0.01,0.01,0.01,0.01,0.01,0.01,c,e,0.2,0.02,0.01,0.02,0.01,0.01,0.01,0.01,0.01,0.01,a,0.2,0.02,0.01,0.02,0.01,0.01,0.01,0.01,0.01,0.01,c,e,h,m,0.2,0.02,0.01,0.02,0.01,0.01,0.01,0.01,0.01,0.01,a,0.2,0.02,0.01,0.02,0.01,0.01,0.01,0.01,0.01,0.01,e,g,i,n,0.2,0.02,0.01,0.02,0.01,0.01,0.01,0.01,0.01,0.01,b,0.2,0.02,0.01,0.02,0.01,0.01,0.01,0.01,0.01,0.01,e,g,0.2,0.02,0.01,0.02,0.01,0.01,0.01,0.01,0.01,0.01,b,i,n,0.2,0.02,0.01,0.02,0.01,0.01,0.01,0.01,0.01,0.01,e,g,i,n,0.2,0.02,0.01,0.02,0.01,0.01,0.01,0.01,0.01,0.01,b,h,m,0.2,0.02,0.01,0.02,0.01,0.01,0.01,0.01,0.01,0.01,e,g,i,n,0.2,0.02,0.01,0.02,0.01,0.01,0.01,0.01,0.01,0.01,b,j,o,0.2,0.02,0.01,0.02,0.01,0.01,0.01,0.01,0.01,0.01,d,f,0.2,0.02,0.01,0.02,0.01,0.01,0.01,0.01,0.01,0.01,a,i,n,0.2,0.02,0.01,0.02,0.01,0.01,0.01,0.01,0.01,0.01,d,f,h,m,0.2,0.02,0.01,0.02,0.01,0.01,0.01,0.01,0.01,0.01,a,h,j,0.2,0.02,0.01,0.02,0.01,0.01,0.01,0.01,0.01,0.01,d,f,h,l,0.2,0.02,0.01,0.02,0.01,0.01,0.01,0.01,0.01,0.01,a,0.2,0.02,0.01,0.02,0.01,0.01,0.01,0.01,0.01,0.01,d,f,h,m,0.2,0.02,0.01,0.02,0.01,0.01,0.01,0.01,0.01,0.01,a,0.2,0.02,0.01,0.02,0.01,0.01,0.01,0.01,0.01,0.01,c,f,h,n,0.2,0.02,0.01,0.02,0.01,0.01,0.01,0.01,0.01,0.01,a,0.2,0.02,0.01,0.02,0.01,0.01,0.01,0.01,0.01,0.01,c,f,0.2,0.02,0.01,0.02,0.01,0.01,0.01,0.01,0.01,0.01,a,h,n,0.2,0.02,0.01,0.02,0.01,0.01,0.01,0.01,0.01,0.01,c,f,h,n,0.2,0.02,0.01,0.02,0.01,0.01,0.01,0.01,0.01,0.01,a,0.2,0.02,0.01,0.02,0.01,0.01,0.01,0.01,0.01,0.01,c,f,h,j,l,0.2,0.02,0.01,0.02,0.01,0.01,0.01,0.01,0.01,0.01,a,0.2,0.02,0.01,0.02,0.01,0.01,0.01,0.01,0.01,0.01,c,e,h,j,l,0.2,0.02,0.01,0.02,0.01,0.01,0.01,0.01,0.01,0.01,a,0.2,0.02,0.01,0.02,0.01,0.01,0.01,0.01,0.01,0.01,c,e,0.2,0.02,0.01,0.02,0.01,0.01,0.01,0.01,0.01,0.01,a,0.2,0.02,0.01,0.02,0.01,0.01,0.01,0.01,0.01,0.01,c,e,0.2,0.02,0.01,0.02,0.01,0.01,0.01,0.01,0.01,0.01,a,0.2,0.02,0.01,0.02,0.01,0.01,0.01,0.01,0.01,0.01,c,e,h,m,0.2,0.02,0.01,0.02,0.01,0.01,0.01,0.01,0.01,0.01,a,0.2,0.02,0.01,0.02,0.01,0.01,0.01,0.01,0.01,0.01,e,g,i,n,0.2,0.02,0.01,0.02,0.01,0.01,0.01,0.01,0.01,0.01,b,0.2,0.02,0.01,0.02,0.01,0.01,0.01,0.01,0.01,0.01,e,g,0.2,0.02,0.01,0.02,0.01,0.01,0.01,0.01,0.01,0.01,b,i,n,0.2,0.02,0.01,0.02,0.01,0.01,0.01,0.01,0.01,0.01,e,g,i,n,0.2,0.02,0.01,0.02,0.01,0.01,0.01,0.01,0.01,0.01,b,h,m,0.2,0.02,0.01,0.02,0.01,0.01,0.01,0.01,0.01,0.01,e,g,i,n,0.2,0.02,0.01,0.02,0.01,0.01,0.01,0.01,0.01,0.01,b,j,o,0.2,0.02,0.01,0.02,0.01,0.01,0.01,0.01,0.01,0.01,d,f,0.2,0.02,0.01,0.02,0.01,0.01,0.01,0.01,0.01,0.01,a,i,n,0.2,0.02,0.01,0.02,0.01,0.01,0.01,0.01,0.01,0.01,d,f,h,m,0.2,0.02,0.01,0.02,0.01,0.01,0.01,0.01,0.01,0.01,a,h,l,0.2,0.02,0.01,0.02,0.01,0.01,0.01,0.01,0.01,0.01,d,f,j,0.2,0.02,0.01,0.02,0.01,0.01,0.01,0.01,0.01,0.01,a,h,0.2,0.02,0.01,0.02,0.01,0.01,0.01,0.01,0.01,0.01,d,f,g,0.2,0.02,0.01,0.02,0.01,0.01,0.01,0.01,0.01,0.01,a,0.2,0.02,0.01,0.02,0.01,0.01,0.01,0.01,0.01,0.01,c,f,g,0.2,0.02,0.01,0.02,0.01,0.01,0.01,0.01,0.01,0.01,c,f,0.2,0.02,0.01,0.02,0.01,0.01,0.01,0.01,0.01,0.01,c,f,0.2,0.02,0.01,0.02,0.01,0.01,0.01,0.01,0.01,0.01,c,f,0.2,0.02,0.01,0.02,0.01,0.01,0.01,0.01,0.01,0.01,c,f,0.2,0.02,0.01,0.02,0.01,0.01,0.01,0.01,0.01,0.01,c,f,0.2,0.02,0.01,0.02,0.01,0.01,0.01,0.01,0.01,0.01,c,f,0.2,0.02,0.01,0.02,0.01,0.01,0.01,0.01,0.01,0.01,c,f,0.2,0.02,0.01,0.02,0.01,0.01,0.01,0.01,0.01,0.01,b,e,f,0.2,0.02,0.01,0.02,0.01,0.01,0.01,0.01,0.01,0.01,b,e,0.2,0.02,0.01,0.02,0.01,0.01,0.01,0.01,0.01,0.01,b,e,0.2,0.02,0.01,0.02,0.01,0.01,0.01,0.01,0.01,0.01,b,e,0.2,0.02,0.01,0.02,0.01,0.01,0.01,0.01,0.01,0.01,b,e,0.2,0.02,0.01,0.02,0.01,0.01,0.01,0.01,0.01,0.01,b,e,0.2,0.02,0.01,0.02,0.01,0.01,0.01,0.01,0.01,0.01,b,e,j,0.2,0.02,0.01,0.02,0.01,0.01,0.01,0.01,0.01,0.01,b,e,h,0.2,0.02,0.01,0.02,0.01,0.01,0.01,0.01,0.01,0.01,a,d,g,0.2,0.02,0.01,0.02,0.01,0.01,0.01,0.01,0.01,0.01,a,d,0.2,0.02,0.01,0.02,0.01,0.01,0.01,0.01,0.01,0.01,a,d,0.2,0.02,0.01,0.02,0.01,0.01,0.01,0.01,0.01,0.01,a,d,0.2,0.02,0.01,0.02,0.01,0.01,0.01,0.01,0.01,0.01,a,d,0.2,0.02,0.01,0.02,0.01,0.01,0.01,0.01,0.01,0.01,a,d,0.2,0.02,0.01,0.02,0.01,0.01,0.01,0.01,0.01,0.01,a,d,0.2,0.02,0.01,0.02,0.01,0.01,0.01,0.01,0.01,0.01,a,d,g,0.2,0.02,0.01,0.02,0.01,0.01,0.01,0.01,0.01,0.01,b,e,f,0.2,0.02,0.01,0.02,0.01,0.01,0.01,0.01,0.01,0.01,b,e,0.2,0.02,0.01,0.02,0.01,0.01,0.01,0.01,0.01,0.01,b,e,0.2,0.02,0.01,0.02,0.01,0.01,0.01,0.01,0.01,0.01,b,e,0.2,0.02,0.01,0.02,0.01,0.01,0.01,0.01,0.01,0.01,b,e,0.2,0.02,0.01,0.02,0.01,0.01,0.01,0.01,0.01,0.01,b,e,0.2,0.02,0.01,0.02,0.01,0.01,0.01,0.01,0.01,0.01,b,e,g,0.2,0.02,0.01,0.02,0.01,0.01,0.01,0.01,0.01,0.01,b,e,h,0.2,0.02,0.01,0.02,0.01,0.01,0.01,0.01,0.01,0.01,c,f,g,0.2,0.02,0.01,0.02,0.01,0.01,0.01,0.01,0.01,0.01,c,f,0.2,0.02,0.01,0.02,0.01,0.01,0.01,0.01,0.01,0.01,c,f,0.2,0.02,0.01,0.02,0.01,0.01,0.01,0.01,0.01,0.01,c,f,0.2,0.02,0.01,0.02,0.01,0.01,0.01,0.01,0.01,0.01,c,f,0.2,0.02,0.01,0.02,0.01,0.01,0.01,0.01,0.01,0.01,c,f,0.2,0.02,0.01,0.02,0.01,0.01,0.01,0.01,0.01,0.01,c,f,0.2,0.02,0.01,0.02,0.01,0.01,0.01,0.01,0.01,0.01,c,f,0.2,0.02,0.01,0.02,0.01,0.01,0.01,0.01,0.01,0.01,b,e,0.2,0.02,0.01,0.02,0.01,0.01,0.01,0.01,0.01,0.01,b,e,0.2,0.02,0.01,0.02,0.01,0.01,0.01,0.01,0.01,0.01,b,e,0.2,0.02,0.01,0.02,0.01,0.01,0.01,0.01,0.01,0.01,b,e,0.2,0.02,0.01,0.02,0.01,0.01,0.01,0.01,0.01,0.01,b,e,0.2,0.02,0.01,0.02,0.01,0.01,0.01,0.01,0.01,0.01,b,e,0.2,0.02,0.01,0.02,0.01,0.01,0.01,0.01,0.01,0.01,b,e,j,0.2,0.02,0.01,0.02,0.01,0.01,0.01,0.01,0.01,0.01,b,e,h,0.2,0.02,0.01,0.02,0.01,0.01,0.01,0.01,0.01,0.01,a,d,g,0.2,0.02,0.01,0.02,0.01,0.01,0.01,0.01,0.01,0.01,a,d,0.2,0.02,0.01,0.02,0.01,0.01,0.01,0.01,0.01,0.01,a,d,0.2,0.02,0.01,0.02,0.01,0.01,0.01,0.01,0.01,0.01,a,d,0.2,0.02,0.01,0.02,0.01,0.01,0.01,0.01,0.01,0.01,a,d,0.2,0.02,0.01,0.02,0.01,0.01,0.01,0.01,0.01,0.01,a,d,0.2,0.02,0.01,0.02,0.01,0.01,0.01,0.01,0.01,0.01,a,d,0.2,0.02,0.01,0.02,0.01,0.01,0.01,0.01,0.01,0.01,a,d,g,0.2,0.02,0.01,0.02,0.01,0.01,0.01,0.01,0.01,0.01,b,e,f,0.2,0.02,0.01,0.02,0.01,0.01,0.01,0.01,0.01,0.01,b,e,0.2,0.02,0.01,0.02,0.01,0.01,0.01,0.01,0.01,0.01,b,e,0.2,0.02,0.01,0.02,0.01,0.01,0.01,0.01,0.01,0.01,b,e,0.2,0.02,0.01,0.02,0.01,0.01,0.01,0.01,0.01,0.01,b,e,0.2,0.02,0.01,0.02,0.01,0.01,0.01,0.01,0.01,0.01,b,e,0.2,0.02,0.01,0.02,0.01,0.01,0.01,0.01,0.01,0.01,b,e,0.2,0.02,0.01,0.02,0.01,0.01,0.01,0.01,0.01,0.01,b,e,0.2,0.02,0.01,0.02,0.01,0.01,0.01,0.01,0.01,0.01,c,f,0.2,0.02,0.01,0.02,0.01,0.01,0.01,0.01,0.01,0.01,a,0.2,0.02,0.01,0.02,0.01,0.01,0.01,0.01,0.01,0.01,c,f,h,j,0.2,0.02,0.01,0.02,0.01,0.01,0.01,0.01,0.01,0.01,a,0.2,0.02,0.01,0.02,0.01,0.01,0.01,0.01,0.01,0.01,c,f,h,j,0.2,0.02,0.01,0.02,0.01,0.01,0.01,0.01,0.01,0.01,a,0.2,0.02,0.01,0.02,0.01,0.01,0.01,0.01,0.01,0.01,c,f,h,0.2,0.02,0.01,0.02,0.01,0.01,0.01,0.01,0.01,0.01,a,0.2,0.02,0.01,0.02,0.01,0.01,0.01,0.01,0.01,0.01,e,g,0.2,0.02,0.01,0.02,0.01,0.01,0.01,0.01,0.01,0.01,b,0.2,0.02,0.01,0.02,0.01,0.01,0.01,0.01,0.01,0.01,e,g,0.2,0.02,0.01,0.02,0.01,0.01,0.01,0.01,0.01,0.01,b,0.2,0.02,0.01,0.02,0.01,0.01,0.01,0.01,0.01,0.01,e,g,0.2,0.02,0.01,0.02,0.01,0.01,0.01,0.01,0.01,0.01,b,0.2,0.02,0.01,0.02,0.01,0.01,0.01,0.01,0.01,0.01,e,g,0.2,0.02,0.01,0.02,0.01,0.01,0.01,0.01,0.01,0.01,b,h,0.2,0.02,0.01,0.02,0.01,0.01,0.01,0.01,0.01,0.01,d,f,0.2,0.02,0.01,0.02,0.01,0.01,0.01,0.01,0.01,0.01,a,0.2,0.02,0.01,0.02,0.01,0.01,0.01,0.01,0.01,0.01,d,f,h,j,0.2,0.02,0.01,0.02,0.01,0.01,0.01,0.01,0.01,0.01,a,0.2,0.02,0.01,0.02,0.01,0.01,0.01,0.01,0.01,0.01,d,f,h,j,0.2,0.02,0.01,0.02,0.01,0.01,0.01,0.01,0.01,0.01,a,0.2,0.02,0.01,0.02,0.01,0.01,0.01,0.01,0.01,0.01,d,f,h,0.2,0.02,0.01,0.02,0.01,0.01,0.01,0.01,0.01,0.01,a,0.2,0.02,0.01,0.02,0.01,0.01,0.01,0.01,0.01,0.01,e,g,0.2,0.02,0.01,0.02,0.01,0.01,0.01,0.01,0.01,0.01,b,0.2,0.02,0.01,0.02,0.01,0.01,0.01,0.01,0.01,0.01,e,g,0.2,0.02,0.01,0.02,0.01,0.01,0.01,0.01,0.01,0.01,b,0.2,0.02,0.01,0.02,0.01,0.01,0.01,0.01,0.01,0.01,e,g,0.2,0.02,0.01,0.02,0.01,0.01,0.01,0.01,0.01,0.01,b,0.2,0.02,0.01,0.02,0.01,0.01,0.01,0.01,0.01,0.01,e,g,0.2,0.02,0.01,0.02,0.01,0.01,0.01,0.01,0.01,0.01,b,h,0.2,0.02,0.01,0.02,0.01,0.01,0.01,0.01,0.01,0.01,c,f,0.2,0.02,0.01,0.02,0.01,0.01,0.01,0.01,0.01,0.01,a,0.2,0.02,0.01,0.02,0.01,0.01,0.01,0.01,0.01,0.01,c,f,h,j,0.2,0.02,0.01,0.02,0.01,0.01,0.01,0.01,0.01,0.01,a,0.2,0.02,0.01,0.02,0.01,0.01,0.01,0.01,0.01,0.01,c,f,h,j,0.2,0.02,0.01,0.02,0.01,0.01,0.01,0.01,0.01,0.01,a,0.2,0.02,0.01,0.02,0.01,0.01,0.01,0.01,0.01,0.01,c,f,h,0.2,0.02,0.01,0.02,0.01,0.01,0.01,0.01,0.01,0.01,a,0.2,0.02,0.01,0.02,0.01,0.01,0.01,0.01,0.01,0.01,e,g,0.2,0.02,0.01,0.02,0.01,0.01,0.01,0.01,0.01,0.01,b,0.2,0.02,0.01,0.02,0.01,0.01,0.01,0.01,0.01,0.01,e,g,0.2,0.02,0.01,0.02,0.01,0.01,0.01,0.01,0.01,0.01,b,0.2,0.02,0.01,0.02,0.01,0.01,0.01,0.01,0.01,0.01,e,g,0.2,0.02,0.01,0.02,0.01,0.01,0.01,0.01,0.01,0.01,b,0.2,0.02,0.01,0.02,0.01,0.01,0.01,0.01,0.01,0.01,e,g,0.2,0.02,0.01,0.02,0.01,0.01,0.01,0.01,0.01,0.01,b,h,0.2,0.02,0.01,0.02,0.01,0.01,0.01,0.01,0.01,0.01,a,d,f,0.2,0.02,0.01,0.02,0.01,0.01,0.01,0.01,0.01,0.01,a,0.2,0.02,0.01,0.02,0.01,0.01,0.01,0.01,0.01,0.01,a,c,d,0.2,0.02,0.01,0.02,0.01,0.01,0.01,0.01,0.01,0.01,f,0.2,0.02,0.01,0.02,0.01,0.01,0.01,0.01,0.01,0.01,a,d,0.2,0.02,0.01,0.02,0.01,0.01,0.01,0.01,0.01,0.01,a,0.2,0.02,0.01,0.02,0.01,0.01,0.01,0.01,0.01,0.01,a,c,d,0.2,0.02,0.01,0.02,0.01,0.01,0.01,0.01,0.01,0.01,f,0.2,0.02,0.01,0.02,0.01,0.01,0.01,0.01,0.01,0.01,a,d,0.2,0.02,0.01,0.02,0.01,0.01,0.01,0.01,0.01,0.01,a,0.2,0.02,0.01,0.02,0.01,0.01,0.01,0.01,0.01,0.01,a,c,d,0.2,0.02,0.01,0.02,0.01,0.01,0.01,0.01,0.01,0.01,f,0.2,0.02,0.01,0.02,0.01,0.01,0.01,0.01,0.01,0.01,a,d,0.2,0.02,0.01,0.02,0.01,0.01,0.01,0.01,0.01,0.01,a,0.2,0.02,0.01,0.02,0.01,0.01,0.01,0.01,0.01,0.01,a,c,d,0.2,0.02,0.01,0.02,0.01,0.01,0.01,0.01,0.01,0.01,f,0.2,0.02,0.01,0.02,0.01,0.01,0.01,0.01,0.01,0.01,c,f,0.2,0.1,0.02,0.01,0.2,0.01,0.01,0.01,0.01,0.01,h,j,0.2,0.1,0.02,0.01,0.2,0.01,0.01,0.01,0.01,0.01,c,f,h,j,0.2,0.1,0.02,0.01,0.2,0.01,0.01,0.01,0.01,0.01,h,0.2,0.1,0.02,0.01,0.2,0.01,0.01,0.01,0.01,0.01,b,e,g,0.2,0.1,0.02,0.01,0.2,0.01,0.01,0.01,0.01,0.01,g,0.2,0.1,0.02,0.01,0.2,0.01,0.01,0.01,0.01,0.01,b,e,g,0.2,0.1,0.02,0.01,0.2,0.01,0.01,0.01,0.01,0.01,g,0.2,0.02,0.01,0.02,0.01,0.01,0.01,0.01,0.01,0.01,h,0.2,0.02,0.01,0.02,0.01,0.01,0.01,0.01,0.01,0.01,a,d,f,0.2,0.1,0.02,0.01,0.2,0.01,0.01,0.01,0.01,0.01,h,j,0.2,0.1,0.02,0.01,0.2,0.01,0.01,0.01,0.01,0.01,a,d,h,j,0.2,0.1,0.02,0.01,0.2,0.01,0.01,0.01,0.01,0.01,h,0.2,0.1,0.02,0.01,0.2,0.01,0.01,0.01,0.01,0.01,b,e,g,0.2,0.1,0.02,0.01,0.2,0.01,0.01,0.01,0.01,0.01,g,0.2,0.1,0.02,0.01,0.2,0.01,0.01,0.01,0.01,0.01,b,e,g,0.2,0.1,0.02,0.01,0.2,0.01,0.01,0.01,0.01,0.01,g,0.2,0.02,0.01,0.02,0.01,0.01,0.01,0.01,0.01,0.01,h,0.2,0.02,0.01,0.02,0.01,0.01,0.01,0.01,0.01,0.01,c,f,0.2,0.1,0.02,0.01,0.2,0.01,0.01,0.01,0.01,0.01,h,j,0.2,0.1,0.02,0.01,0.2,0.01,0.01,0.01,0.01,0.01,c,f,h,j,0.2,0.1,0.02,0.01,0.2,0.01,0.01,0.01,0.01,0.01,h,0.2,0.1,0.02,0.01,0.2,0.01,0.01,0.01,0.01,0.01,b,e,g,0.2,0.1,0.02,0.01,0.2,0.01,0.01,0.01,0.01,0.01,g,0.2,0.1,0.02,0.01,0.2,0.01,0.01,0.01,0.01,0.01,b,e,g,0.2,0.1,0.02,0.01,0.2,0.01,0.01,0.01,0.01,0.01,g,0.2,0.02,0.01,0.02,0.01,0.01,0.01,0.01,0.01,0.01,h,0.2,0.02,0.01,0.02,0.01,0.01,0.01,0.01,0.01,0.01,a,d,f,0.2,0.02,0.01,0.02,0.01,0.01,0.01,0.01,0.01,0.01,a,0.2,0.02,0.01,0.02,0.01,0.01,0.01,0.01,0.01,0.01,c,0.2,0.02,0.01,0.02,0.01,0.01,0.01,0.01,0.01,0.01,f,0.2,0.02,0.01,0.02,0.01,0.01,0.01,0.01,0.01,0.01,a,d,0.2,0.02,0.01,0.02,0.01,0.01,0.01,0.01,0.01,0.01,a,0.2,0.02,0.01,0.02,0.01,0.01,0.01,0.01,0.01,0.01,c,0.2,0.02,0.01,0.02,0.01,0.01,0.01,0.01,0.01,0.01,f,0.2,0.02,0.01,0.02,0.01,0.01,0.01,0.01,0.01,0.01,a,d,0.2,0.02,0.01,0.02,0.01,0.01,0.01,0.01,0.01,0.01,a,0.2,0.02,0.01,0.02,0.01,0.01,0.01,0.01,0.01,0.01,c,0.2,0.02,0.01,0.02,0.01,0.01,0.01,0.01,0.01,0.01,f,0.2,0.02,0.01,0.02,0.01,0.01,0.01,0.01,0.01,0.01,a,d,0.2,0.02,0.01,0.02,0.01,0.01,0.01,0.01,0.01,0.01,a,0.2,0.02,0.01,0.02,0.01,0.01,0.01,0.01,0.01,0.01,c,0.2,0.02,0.01,0.02,0.01,0.01,0.01,0.01,0.01,0.01,f,0.2,0.02,0.01,0.02,0.01,0.01,0.01,0.01,0.01,0.01,h,0.2,0.02,0.01,0.02,0.01,0.01,0.01,0.01,0.01,0.01,j,0.2,0.02,0.01,0.02,0.01,0.01,0.01,0.01,0.01,0.01,m,0.01,0.01,0.01,0.01,









