a,c,e,i,0.2,0.1,0.02,0.01,0.01,0.01,0.01,0.01,0.01,j,0.2,0.1,0.02,0.01,0.01,0.01,0.01,0.01,0.01,f,0.2,0.1,0.02,0.01,0.01,0.01,0.01,0.01,0.01,a,d,h,0.2,0.1,0.02,0.01,0.2,0.1,0.02,0.01,0.02,0.01,0.01,0.01,0.01,0.01,f,0.2,0.1,0.02,0.01,0.01,0.01,0.01,0.01,0.01,l,0.2,0.1,0.02,0.01,0.01,0.01,0.01,0.01,0.01,l,0.1,0.02,0.01,0.02,0.01,0.01,0.01,0.01,0.01,0.01,i,0.1,0.02,0.01,0.02,0.01,0.01,0.01,0.01,0.01,0.01,b,e,0.2,0.1,0.02,0.01,0.01,0.01,0.01,0.01,0.01,h,0.2,0.1,0.02,0.01,0.01,0.01,0.01,0.01,0.01,l,0.2,0.1,0.02,0.01,0.01,0.01,0.01,0.01,0.01,c,g,l,0.1,0.02,0.01,0.02,0.01,0.01,0.01,0.01,0.01,0.01,i,0.2,0.1,0.02,0.01,0.01,0.01,0.01,0.01,0.01,h,0.2,0.1,0.02,0.01,0.1,0.02,0.01,0.02,0.01,0.02,0.01,f,0.1,0.02,0.01,0.02,0.01,0.01,0.01,0.01,0.01,0.01,h,0.1,0.02,0.01,0.02,0.01,0.01,0.01,0.01,0.01,0.01,f,0.1,0.02,0.01,0.02,0.01,0.01,0.01,0.01,0.01,0.01,a,c,f,i,0.2,0.1,0.02,0.01,0.01,0.01,0.01,0.01,0.01,j,0.2,0.1,0.02,0.01,0.01,0.01,0.01,0.01,0.01,f,0.2,0.1,0.02,0.01,0.01,0.01,0.01,0.01,0.01,a,d,h,0.2,0.1,0.02,0.01,0.2,0.1,0.02,0.01,0.02,0.01,0.01,0.01,0.01,0.01,f,0.2,0.1,0.02,0.01,0.01,0.01,0.01,0.01,0.01,l,0.2,0.1,0.02,0.01,0.01,0.01,0.01,0.01,0.01,l,0.1,0.02,0.01,0.02,0.01,0.01,0.01,0.01,0.01,0.01,i,0.1,0.02,0.01,0.02,0.01,0.01,0.01,0.01,0.01,0.01,e,g,0.2,0.1,0.02,0.01,0.01,0.01,0.01,0.01,0.01,h,0.2,0.1,0.02,0.01,0.01,0.01,0.01,0.01,0.01,l,0.2,0.1,0.02,0.01,0.01,0.01,0.01,0.01,0.01,c,e,m,0.1,0.02,0.01,0.02,0.01,0.01,0.01,0.01,0.01,0.01,i,0.2,0.1,0.02,0.01,0.1,0.02,0.01,0.02,0.01,0.02,0.01,h,0.2,0.1,0.02,0.01,0.2,0.1,0.02,0.01,0.2,0.01,0.01,0.01,d,i,0.1,0.02,0.01,0.02,0.01,0.01,0.01,0.01,0.01,0.01,j,0.1,0.02,0.01,0.02,0.01,0.01,0.01,0.01,0.01,0.01,a,j,0.2,0.1,0.02,0.01,0.01,0.01,0.01,0.01,0.01,f,0.2,0.1,0.02,0.01,0.01,0.01,0.01,0.01,0.01,b,i,0.1,0.02,0.01,0.02,0.01,0.01,0.01,0.01,0.01,0.01,j,0.1,0.02,0.01,0.02,0.01,0.01,0.01,0.01,0.01,0.01,f,j,0.2,0.1,0.02,0.01,0.01,0.01,0.01,0.01,0.01,h,0.1,0.02,0.01,0.02,0.01,0.01,0.01,0.01,0.01,0.01,h,0.1,0.02,0.01,0.02,0.01,0.01,0.01,0.01,0.01,0.01,l,0.2,0.1,0.02,0.01,0.01,0.01,0.01,0.01,0.01,l,0.1,0.02,0.01,0.02,0.01,0.01,0.01,0.01,0.01,0.01,c,i,0.2,0.1,0.02,0.01,0.1,0.02,0.01,0.02,0.01,0.02,0.01,h,0.1,0.02,0.01,0.02,0.01,0.01,0.01,0.01,0.01,0.01,h,0.1,0.02,0.01,0.02,0.01,0.01,0.01,0.01,0.01,0.01,e,l,0.2,0.1,0.02,0.01,0.01,0.01,0.01,0.01,0.01,a,l,0.1,0.02,0.01,0.02,0.01,0.01,0.01,0.01,0.01,0.01,i,0.1,0.02,0.01,0.02,0.01,0.01,0.01,0.01,0.01,0.01,e,0.1,0.02,0.01,0.02,0.01,0.01,0.01,0.01,0.01,0.01,h,0.1,0.02,0.01,0.02,0.01,0.01,0.01,0.01,0.01,0.01,c,0.2,0.1,0.02,0.01,0.2,0.1,0.02,0.01,0.02,0.01,0.01,0.01,0.01,0.01,d,i,0.1,0.02,0.01,0.02,0.01,0.01,0.01,0.01,0.01,0.01,j,0.1,0.02,0.01,0.02,0.01,0.01,0.01,0.01,0.01,0.01,a,j,0.2,0.1,0.02,0.01,0.1,0.02,0.01,0.02,0.01,0.02,0.01,f,0.1,0.02,0.01,0.02,0.01,0.01,0.01,0.01,0.01,0.01,b,i,0.1,0.02,0.01,0.02,0.01,0.01,0.01,0.01,0.01,0.01,j,0.1,0.02,0.01,0.02,0.01,0.01,0.01,0.01,0.01,0.01,f,j,0.2,0.1,0.02,0.01,0.01,0.01,0.01,0.01,0.01,h,0.1,0.02,0.01,0.02,0.01,0.01,0.01,0.01,0.01,0.01,h,0.1,0.02,0.01,0.02,0.01,0.01,0.01,0.01,0.01,0.01,l,0.2,0.1,0.02,0.01,0.01,0.01,0.01,0.01,0.01,l,0.1,0.02,0.01,0.02,0.01,0.01,0.01,0.01,0.01,0.01,c,i,0.2,0.1,0.02,0.01,0.01,0.01,0.01,0.01,0.01,h,0.1,0.02,0.01,0.02,0.01,0.01,0.01,0.01,0.01,0.01,e,0.1,0.02,0.01,0.02,0.01,0.01,0.01,0.01,0.01,0.01,h,0.1,0.02,0.01,0.02,0.01,0.01,0.01,0.01,0.01,0.01,l,0.2,0.1,0.02,0.01,0.01,0.01,0.01,0.01,0.01,l,0.1,0.02,0.01,0.02,0.01,0.01,0.01,0.01,0.01,0.01,i,0.2,0.1,0.02,0.01,0.01,0.01,0.01,0.01,0.01,h,0.2,0.1,0.02,0.01,0.1,0.02,0.01,0.02,0.01,0.02,0.01,j,0.1,0.02,0.01,0.02,0.01,0.01,0.01,0.01,0.01,0.01,l,0.1,0.02,0.01,0.02,0.01,0.01,0.01,0.01,0.01,0.01,m,0.1,0.02,0.01,0.02,0.01,0.01,0.01,0.01,0.01,0.01,d,m,0.2,0.1,0.02,0.01,0.1,0.02,0.01,0.02,0.01,0.02,0.01,a,m,0.1,0.02,0.01,0.02,0.01,0.01,0.01,0.01,0.01,0.01,m,0.1,0.02,0.01,0.02,0.01,0.01,0.01,0.01,0.01,0.01,c,j,0.1,0.02,0.01,0.02,0.01,0.01,0.01,0.01,0.01,0.01,b,j,0.1,0.02,0.01,0.02,0.01,0.01,0.01,0.01,0.01,0.01,f,j,0.2,0.1,0.02,0.01,0.1,0.02,0.01,0.02,0.01,0.02,0.01,a,d,0.2,0.1,0.02,0.01,0.1,0.02,0.01,0.02,0.01,0.02,0.01,j,0.1,0.02,0.01,0.02,0.01,0.01,0.01,0.01,0.01,0.01,l,0.1,0.02,0.01,0.02,0.01,0.01,0.01,0.01,0.01,0.01,m,0.1,0.02,0.01,0.02,0.01,0.01,0.01,0.01,0.01,0.01,c,k,n,0.2,0.1,0.02,0.01,0.01,0.01,0.01,0.01,0.01,g,0.1,0.02,0.01,0.02,0.01,0.01,0.01,0.01,0.01,0.01,o,0.1,0.02,0.01,0.02,0.01,0.01,0.01,0.01,0.01,0.01,e,n,0.2,0.1,0.02,0.01,0.01,0.01,0.01,0.01,0.01,a,m,0.1,0.02,0.01,0.02,0.01,0.01,0.01,0.01,0.01,0.01,m,0.1,0.02,0.01,0.02,0.01,0.01,0.01,0.01,0.01,0.01,e,m,0.1,0.02,0.01,0.02,0.01,0.01,0.01,0.01,0.01,0.01,c,0.2,0.1,0.02,0.01,0.2,0.1,0.02,0.01,0.2,0.01,0.01,0.01,h,0.1,0.02,0.01,0.02,0.01,0.01,0.01,0.01,0.01,0.01,d,i,0.1,0.02,0.01,0.02,0.01,0.01,0.01,0.01,0.01,0.01,j,0.1,0.02,0.01,0.02,0.01,0.01,0.01,0.01,0.01,0.01,a,j,0.2,0.1,0.02,0.01,0.01,0.01,0.01,0.01,0.01,f,0.1,0.02,0.01,0.02,0.01,0.01,0.01,0.01,0.01,0.01,b,i,0.1,0.02,0.01,0.02,0.01,0.01,0.01,0.01,0.01,0.01,j,0.1,0.02,0.01,0.02,0.01,0.01,0.01,0.01,0.01,0.01,f,j,0.2,0.1,0.02,0.01,0.1,0.02,0.01,0.02,0.01,0.02,0.01,e,h,0.1,0.02,0.01,0.02,0.01,0.01,0.01,0.01,0.01,0.01,h,0.1,0.02,0.01,0.02,0.01,0.01,0.01,0.01,0.01,0.01,l,0.2,0.1,0.02,0.01,0.01,0.01,0.01,0.01,0.01,l,0.1,0.02,0.01,0.02,0.01,0.01,0.01,0.01,0.01,0.01,c,i,0.2,0.1,0.02,0.01,0.01,0.01,0.01,0.01,0.01,e,h,0.1,0.02,0.01,0.02,0.01,0.01,0.01,0.01,0.01,0.01,h,0.1,0.02,0.01,0.02,0.01,0.01,0.01,0.01,0.01,0.01,d,l,0.2,0.1,0.02,0.01,0.01,0.01,0.01,0.01,0.01,h,l,0.1,0.02,0.01,0.02,0.01,0.01,0.01,0.01,0.01,0.01,e,i,0.2,0.1,0.02,0.01,0.01,0.01,0.01,0.01,0.01,h,0.1,0.02,0.01,0.02,0.01,0.01,0.01,0.01,0.01,0.01,d,0.2,0.1,0.02,0.01,0.2,0.1,0.02,0.01,0.02,0.01,0.01,0.01,0.01,0.01,d,f,h,0.2,0.1,0.02,0.01,0.2,0.1,0.02,0.01,0.02,0.01,0.01,0.01,0.01,0.01,f,h,l,0.2,0.1,0.02,0.01,0.01,0.01,0.01,0.01,0.01,a,c,f,0.1,0.02,0.01,0.02,0.01,0.01,0.01,0.01,0.01,0.01,f,h,0.2,0.1,0.02,0.01,0.1,0.02,0.01,0.02,0.01,0.02,0.01,g,m,0.1,0.02,0.01,0.02,0.01,0.01,0.01,0.01,0.01,0.01,l,0.1,0.02,0.01,0.02,0.01,0.01,0.01,0.01,0.01,0.01,l,0.1,0.02,0.01,0.02,0.01,0.01,0.01,0.01,0.01,0.01,l,0.1,0.02,0.01,0.02,0.01,0.01,0.01,0.01,0.01,0.01,a,d,f,l,0.1,0.02,0.01,0.02,0.01,0.01,0.01,0.01,0.01,0.01,l,0.1,0.02,0.01,0.02,0.01,0.01,0.01,0.01,0.01,0.01,l,0.1,0.02,0.01,0.02,0.01,0.01,0.01,0.01,0.01,0.01,l,0.1,0.02,0.01,0.02,0.01,0.01,0.01,0.01,0.01,0.01,l,0.1,0.02,0.01,0.02,0.01,0.01,0.01,0.01,0.01,0.01,i,0.1,0.02,0.01,0.02,0.01,0.01,0.01,0.01,0.01,0.01,c,e,g,0.1,0.02,0.01,0.02,0.01,0.01,0.01,0.01,0.01,0.01,e,g,0.1,0.02,0.01,0.02,0.01,0.01,0.01,0.01,0.01,0.01,e,g,0.1,0.02,0.01,0.02,0.01,0.01,0.01,0.01,0.01,0.01,e,g,0.1,0.02,0.01,0.02,0.01,0.01,0.01,0.01,0.01,0.01,e,h,0.2,0.1,0.02,0.01,0.01,0.01,0.01,0.01,0.01,d,g,0.2,0.1,0.02,0.01,0.01,0.01,0.01,0.01,0.01,f,0.1,0.02,0.01,0.02,0.01,0.01,0.01,0.01,0.01,0.01,f,0.2,0.1,0.02,0.01,0.1,0.02,0.01,0.02,0.01,0.02,0.01,d,f,h,0.2,0.1,0.02,0.01,0.2,0.1,0.02,0.01,0.02,0.01,0.01,0.01,0.01,0.01,f,h,l,0.2,0.1,0.02,0.01,0.01,0.01,0.01,0.01,0.01,a,c,f,0.1,0.02,0.01,0.02,0.01,0.01,0.01,0.01,0.01,0.01,f,h,0.2,0.1,0.02,0.01,0.1,0.02,0.01,0.02,0.01,0.02,0.01,g,m,0.1,0.02,0.01,0.02,0.01,0.01,0.01,0.01,0.01,0.01,l,0.1,0.02,0.01,0.02,0.01,0.01,0.01,0.01,0.01,0.01,l,0.1,0.02,0.01,0.02,0.01,0.01,0.01,0.01,0.01,0.01,l,0.1,0.02,0.01,0.02,0.01,0.01,0.01,0.01,0.01,0.01,a,c,f,l,0.1,0.02,0.01,0.02,0.01,0.01,0.01,0.01,0.01,0.01,l,0.1,0.02,0.01,0.02,0.01,0.01,0.01,0.01,0.01,0.01,l,0.1,0.02,0.01,0.02,0.01,0.01,0.01,0.01,0.01,0.01,l,0.1,0.02,0.01,0.02,0.01,0.01,0.01,0.01,0.01,0.01,l,0.1,0.02,0.01,0.02,0.01,0.01,0.01,0.01,0.01,0.01,i,0.1,0.02,0.01,0.02,0.01,0.01,0.01,0.01,0.01,0.01,c,e,g,0.1,0.02,0.01,0.02,0.01,0.01,0.01,0.01,0.01,0.01,e,g,0.1,0.02,0.01,0.02,0.01,0.01,0.01,0.01,0.01,0.01,e,g,0.1,0.02,0.01,0.02,0.01,0.01,0.01,0.01,0.01,0.01,e,g,0.1,0.02,0.01,0.02,0.01,0.01,0.01,0.01,0.01,0.01,e,g,0.2,0.1,0.02,0.01,0.01,0.01,0.01,0.01,0.01,e,g,0.1,0.02,0.01,0.02,0.01,0.01,0.01,0.01,0.01,0.01,f,h,0.1,0.02,0.01,0.02,0.01,0.01,0.01,0.01,0.01,0.01,f,h,0.2,0.1,0.02,0.01,0.01,0.01,0.01,0.01,0.01,c,0.2,0.1,0.02,0.01,0.01,0.01,0.01,0.01,0.01,f,0.2,0.1,0.02,0.01,0.01,0.01,0.01,0.01,0.01,h,0.1,0.02,0.01,0.02,0.01,0.01,0.01,0.01,0.01,0.01,g,j,l,0.1,0.02,0.01,0.02,0.01,0.01,0.01,0.01,0.01,0.01,j,l,0.1,0.02,0.01,0.02,0.01,0.01,0.01,0.01,0.01,0.01,e,j,l,0.1,0.02,0.01,0.02,0.01,0.01,0.01,0.01,0.01,0.01,j,l,0.1,0.02,0.01,0.02,0.01,0.01,0.01,0.01,0.01,0.01,e,j,l,0.2,0.1,0.02,0.01,0.01,0.01,0.01,0.01,0.01,f,g,j,0.2,0.1,0.02,0.01,0.01,0.01,0.01,0.01,0.01,j,l,0.2,0.1,0.02,0.01,0.01,0.01,0.01,0.01,0.01,i,l,0.2,0.1,0.02,0.01,0.01,0.01,0.01,0.01,0.01,b,0.2,0.1,0.02,0.01,0.01,0.01,0.01,0.01,0.01,f,0.2,0.1,0.02,0.01,0.01,0.01,0.01,0.01,0.01,h,0.1,0.02,0.01,0.02,0.01,0.01,0.01,0.01,0.01,0.01,g,i,l,0.1,0.02,0.01,0.02,0.01,0.01,0.01,0.01,0.01,0.01,i,l,0.1,0.02,0.01,0.02,0.01,0.01,0.01,0.01,0.01,0.01,c,i,l,0.1,0.02,0.01,0.02,0.01,0.01,0.01,0.01,0.01,0.01,i,l,0.1,0.02,0.01,0.02,0.01,0.01,0.01,0.01,0.01,0.01,g,i,l,0.2,0.1,0.02,0.01,0.01,0.01,0.01,0.01,0.01,e,g,i,0.2,0.1,0.02,0.01,0.01,0.01,0.01,0.01,0.01,i,0.2,0.1,0.02,0.01,0.01,0.01,0.01,0.01,0.01,h,0.2,0.1,0.02,0.01,0.01,0.01,0.01,0.01,0.01,f,0.2,0.1,0.02,0.01,0.01,0.01,0.01,0.01,0.01,j,0.2,0.1,0.02,0.01,0.01,0.01,0.01,0.01,0.01,f,h,l,o,0.2,0.1,0.02,0.01,0.01,0.01,0.01,0.01,0.01,e,0.1,0.02,0.01,0.02,0.01,0.01,0.01,0.01,0.01,0.01,f,h,0.1,0.02,0.01,0.02,0.01,0.01,0.01,0.01,0.01,0.01,a,0.1,0.02,0.01,0.02,0.01,0.01,0.01,0.01,0.01,0.01,f,0.2,0.1,0.02,0.01,0.01,0.01,0.01,0.01,0.01,h,n,0.1,0.02,0.01,0.02,0.01,0.01,0.01,0.01,0.01,0.01,m,0.1,0.02,0.01,0.02,0.01,0.01,0.01,0.01,0.01,0.01,m,0.1,0.02,0.01,0.02,0.01,0.01,0.01,0.01,0.01,0.01,m,0.1,0.02,0.01,0.02,0.01,0.01,0.01,0.01,0.01,0.01,e,g,m,0.1,0.02,0.01,0.02,0.01,0.01,0.01,0.01,0.01,0.01,m,0.1,0.02,0.01,0.02,0.01,0.01,0.01,0.01,0.01,0.01,d,m,0.1,0.02,0.01,0.02,0.01,0.01,0.01,0.01,0.01,0.01,m,0.1,0.02,0.01,0.02,0.01,0.01,0.01,0.01,0.01,0.01,m,0.1,0.02,0.01,0.02,0.01,0.01,0.01,0.01,0.01,0.01,g,i,0.1,0.02,0.01,0.02,0.01,0.01,0.01,0.01,0.01,0.01,c,e,g,0.1,0.02,0.01,0.02,0.01,0.01,0.01,0.01,0.01,0.01,e,g,0.2,0.1,0.02,0.01,0.01,0.01,0.01,0.01,0.01,h,0.2,0.1,0.02,0.01,0.01,0.01,0.01,0.01,0.01,g,0.1,0.02,0.01,0.02,0.01,0.01,0.01,0.01,0.01,0.01,f,0.1,0.02,0.01,0.02,0.01,0.01,0.01,0.01,0.01,0.01,f,0.1,0.02,0.01,0.02,0.01,0.01,0.01,0.01,0.01,0.01,f,0.1,0.02,0.01,0.02,0.01,0.01,0.01,0.01,0.01,0.01,f,i,0.2,0.1,0.02,0.01,0.01,0.01,0.01,0.01,0.01,f,j,0.2,0.1,0.02,0.01,0.01,0.01,0.01,0.01,0.01,c,f,0.2,0.1,0.02,0.01,0.01,0.01,0.01,0.01,0.01,d,h,0.2,0.1,0.02,0.01,0.01,0.01,0.01,0.01,0.01,f,0.2,0.1,0.02,0.01,0.01,0.01,0.01,0.01,0.01,d,l,0.2,0.1,0.02,0.01,0.01,0.01,0.01,0.01,0.01,a,d,l,0.1,0.02,0.01,0.02,0.01,0.01,0.01,0.01,0.01,0.01,i,0.2,0.1,0.02,0.01,0.01,0.01,0.01,0.01,0.01,h,0.1,0.02,0.01,0.02,0.01,0.01,0.01,0.01,0.01,0.01,e,0.2,0.1,0.02,0.01,0.01,0.01,0.01,0.01,0.01,e,l,0.2,0.1,0.02,0.01,0.01,0.01,0.01,0.01,0.01,b,e,l,0.1,0.02,0.01,0.02,0.01,0.01,0.01,0.01,0.01,0.01,c,i,0.2,0.1,0.02,0.01,0.01,0.01,0.01,0.01,0.01,c,h,0.2,0.1,0.02,0.01,0.01,0.01,0.01,0.01,0.01,e,g,0.1,0.02,0.01,0.02,0.01,0.01,0.01,0.01,0.01,0.01,f,0.1,0.02,0.01,0.02,0.01,0.01,0.01,0.01,0.01,0.01,f,0.1,0.02,0.01,0.02,0.01,0.01,0.01,0.01,0.01,0.01,f,0.1,0.02,0.01,0.02,0.01,0.01,0.01,0.01,0.01,0.01,f,i,0.2,0.1,0.02,0.01,0.01,0.01,0.01,0.01,0.01,f,j,0.2,0.1,0.02,0.01,0.01,0.01,0.01,0.01,0.01,a,f,0.2,0.1,0.02,0.01,0.01,0.01,0.01,0.01,0.01,d,h,0.2,0.1,0.02,0.01,0.01,0.01,0.01,0.01,0.01,f,0.2,0.1,0.02,0.01,0.01,0.01,0.01,0.01,0.01,d,h,0.2,0.1,0.02,0.01,0.01,0.01,0.01,0.01,0.01,a,d,l,0.2,0.1,0.02,0.01,0.01,0.01,0.01,0.01,0.01,l,0.1,0.02,0.01,0.02,0.01,0.01,0.01,0.01,0.01,0.01,i,0.1,0.02,0.01,0.02,0.01,0.01,0.01,0.01,0.01,0.01,e,0.2,0.1,0.02,0.01,0.01,0.01,0.01,0.01,0.01,e,h,0.2,0.1,0.02,0.01,0.01,0.01,0.01,0.01,0.01,a,e,l,0.2,0.1,0.02,0.01,0.01,0.01,0.01,0.01,0.01,c,m,0.1,0.02,0.01,0.02,0.01,0.01,0.01,0.01,0.01,0.01,i,0.2,0.1,0.02,0.01,0.01,0.01,0.01,0.01,0.01,c,h,0.2,0.1,0.02,0.01,0.01,0.01,0.01,0.01,0.01,e,g,0.2,0.1,0.02,0.01,0.01,0.01,0.01,0.01,0.01,h,0.2,0.1,0.02,0.01,0.01,0.01,0.01,0.01,0.01,c,f,i,0.1,0.02,0.01,0.02,0.01,0.01,0.01,0.01,0.01,0.01,j,0.1,0.02,0.01,0.02,0.01,0.01,0.01,0.01,0.01,0.01,j,0.1,0.02,0.01,0.02,0.01,0.01,0.01,0.01,0.01,0.01,c,f,0.2,0.1,0.02,0.01,0.01,0.01,0.01,0.01,0.01,a,d,i,0.1,0.02,0.01,0.02,0.01,0.01,0.01,0.01,0.01,0.01,j,0.1,0.02,0.01,0.02,0.01,0.01,0.01,0.01,0.01,0.01,j,0.2,0.1,0.02,0.01,0.01,0.01,0.01,0.01,0.01,h,0.1,0.02,0.01,0.02,0.01,0.01,0.01,0.01,0.01,0.01,h,0.1,0.02,0.01,0.02,0.01,0.01,0.01,0.01,0.01,0.01,a,d,l,0.2,0.1,0.02,0.01,0.01,0.01,0.01,0.01,0.01,l,0.1,0.02,0.01,0.02,0.01,0.01,0.01,0.01,0.01,0.01,i,0.1,0.02,0.01,0.02,0.01,0.01,0.01,0.01,0.01,0.01,b,e,0.1,0.02,0.01,0.02,0.01,0.01,0.01,0.01,0.01,0.01,h,0.1,0.02,0.01,0.02,0.01,0.01,0.01,0.01,0.01,0.01,b,e,h,0.1,0.02,0.01,0.02,0.01,0.01,0.01,0.01,0.01,0.01,l,0.2,0.1,0.02,0.01,0.01,0.01,0.01,0.01,0.01,a,c,l,0.1,0.02,0.01,0.02,0.01,0.01,0.01,0.01,0.01,0.01,i,0.2,0.1,0.02,0.01,0.01,0.01,0.01,0.01,0.01,h,0.2,0.1,0.02,0.01,0.01,0.01,0.01,0.01,0.01,a,c,0.2,0.1,0.02,0.01,0.01,0.01,0.01,0.01,0.01,h,0.2,0.1,0.02,0.01,0.01,0.01,0.01,0.01,0.01,c,f,i,0.1,0.02,0.01,0.02,0.01,0.01,0.01,0.01,0.01,0.01,j,0.1,0.02,0.01,0.02,0.01,0.01,0.01,0.01,0.01,0.01,j,0.1,0.02,0.01,0.02,0.01,0.01,0.01,0.01,0.01,0.01,c,f,0.2,0.1,0.02,0.01,0.01,0.01,0.01,0.01,0.01,h,0.1,0.02,0.01,0.02,0.01,0.01,0.01,0.01,0.01,0.01,a,d,i,0.1,0.02,0.01,0.02,0.01,0.01,0.01,0.01,0.01,0.01,j,0.1,0.02,0.01,0.02,0.01,0.01,0.01,0.01,0.01,0.01,j,0.1,0.02,0.01,0.02,0.01,0.01,0.01,0.01,0.01,0.01,h,0.1,0.02,0.01,0.02,0.01,0.01,0.01,0.01,0.01,0.01,h,0.1,0.02,0.01,0.02,0.01,0.01,0.01,0.01,0.01,0.01,h,0.1,0.02,0.01,0.02,0.01,0.01,0.01,0.01,0.01,0.01,a,d,l,0.2,0.1,0.02,0.01,0.01,0.01,0.01,0.01,0.01,l,0.1,0.02,0.01,0.02,0.01,0.01,0.01,0.01,0.01,0.01,i,0.1,0.02,0.01,0.02,0.01,0.01,0.01,0.01,0.01,0.01,b,e,0.1,0.02,0.01,0.02,0.01,0.01,0.01,0.01,0.01,0.01,h,0.1,0.02,0.01,0.02,0.01,0.01,0.01,0.01,0.01,0.01,b,e,h,0.1,0.02,0.01,0.02,0.01,0.01,0.01,0.01,0.01,0.01,l,0.1,0.02,0.01,0.02,0.01,0.01,0.01,0.01,0.01,0.01,i,0.1,0.02,0.01,0.02,0.01,0.01,0.01,0.01,0.01,0.01,a,c,i,0.1,0.02,0.01,0.02,0.01,0.01,0.01,0.01,0.01,0.01,i,0.1,0.02,0.01,0.02,0.01,0.01,0.01,0.01,0.01,0.01,j,0.2,0.1,0.02,0.01,0.1,0.02,0.01,0.02,0.01,0.02,0.01,j,0.1,0.02,0.01,0.02,0.01,0.01,0.01,0.01,0.01,0.01,a,c,j,0.1,0.02,0.01,0.02,0.01,0.01,0.01,0.01,0.01,0.01,l,0.1,0.02,0.01,0.02,0.01,0.01,0.01,0.01,0.01,0.01,m,0.1,0.02,0.01,0.02,0.01,0.01,0.01,0.01,0.01,0.01,c,f,m,0.2,0.1,0.02,0.01,0.1,0.02,0.01,0.02,0.01,0.02,0.01,c,f,m,0.1,0.02,0.01,0.02,0.01,0.01,0.01,0.01,0.01,0.01,m,0.1,0.02,0.01,0.02,0.01,0.01,0.01,0.01,0.01,0.01,l,0.1,0.02,0.01,0.02,0.01,0.01,0.01,0.01,0.01,0.01,k,0.1,0.02,0.01,0.02,0.01,0.01,0.01,0.01,0.01,0.01,a,d,j,0.2,0.1,0.02,0.01,0.1,0.02,0.01,0.02,0.01,0.02,0.01,j,0.1,0.02,0.01,0.02,0.01,0.01,0.01,0.01,0.01,0.01,a,d,j,0.1,0.02,0.01,0.02,0.01,0.01,0.01,0.01,0.01,0.01,l,0.1,0.02,0.01,0.02,0.01,0.01,0.01,0.01,0.01,0.01,m,0.1,0.02,0.01,0.02,0.01,0.01,0.01,0.01,0.01,0.01,b,e,i,n,0.2,0.1,0.02,0.01,0.1,0.02,0.01,0.02,0.01,0.02,0.01,b,e,o,0.1,0.02,0.01,0.02,0.01,0.01,0.01,0.01,0.01,0.01,n,0.1,0.02,0.01,0.02,0.01,0.01,0.01,0.01,0.01,0.01,m,0.1,0.02,0.01,0.02,0.01,0.01,0.01,0.01,0.01,0.01,m,0.1,0.02,0.01,0.02,0.01,0.01,0.01,0.01,0.01,0.01,c,e,m,0.2,0.1,0.02,0.01,0.1,0.02,0.01,0.02,0.01,0.02,0.01,c,e,h,0.1,0.02,0.01,0.02,0.01,0.01,0.01,0.01,0.01,0.01,h,0.1,0.02,0.01,0.02,0.01,0.01,0.01,0.01,0.01,0.01,c,f,h,0.1,0.02,0.01,0.02,0.01,0.01,0.01,0.01,0.01,0.01,i,0.1,0.02,0.01,0.02,0.01,0.01,0.01,0.01,0.01,0.01,j,0.1,0.02,0.01,0.02,0.01,0.01,0.01,0.01,0.01,0.01,j,0.1,0.02,0.01,0.02,0.01,0.01,0.01,0.01,0.01,0.01,c,f,0.2,0.1,0.02,0.01,0.01,0.01,0.01,0.01,0.01,j,0.1,0.02,0.01,0.02,0.01,0.01,0.01,0.01,0.01,0.01,c,f,j,0.1,0.02,0.01,0.02,0.01,0.01,0.01,0.01,0.01,0.01,h,0.1,0.02,0.01,0.02,0.01,0.01,0.01,0.01,0.01,0.01,h,0.1,0.02,0.01,0.02,0.01,0.01,0.01,0.01,0.01,0.01,c,f,l,0.2,0.1,0.02,0.01,0.01,0.01,0.01,0.01,0.01,l,0.1,0.02,0.01,0.02,0.01,0.01,0.01,0.01,0.01,0.01,i,0.1,0.02,0.01,0.02,0.01,0.01,0.01,0.01,0.01,0.01,b,e,h,0.1,0.02,0.01,0.02,0.01,0.01,0.01,0.01,0.01,0.01,h,0.1,0.02,0.01,0.02,0.01,0.01,0.01,0.01,0.01,0.01,h,0.2,0.1,0.02,0.01,0.01,0.01,0.01,0.01,0.01,b,e,l,0.2,0.1,0.02,0.01,0.01,0.01,0.01,0.01,0.01,c,e,l,0.1,0.02,0.01,0.02,0.01,0.01,0.01,0.01,0.01,0.01,i,0.2,0.1,0.02,0.01,0.01,0.01,0.01,0.01,0.01,h,0.1,0.02,0.01,0.02,0.01,0.01,0.01,0.01,0.01,0.01,f,0.2,0.1,0.02,0.01,0.01,0.01,0.01,0.01,0.01,c,e,j,0.1,0.02,0.01,0.02,0.01,0.01,0.01,0.01,0.01,0.01,i,0.1,0.02,0.01,0.02,0.01,0.01,0.01,0.01,0.01,0.01,h,0.2,0.1,0.02,0.01,0.2,0.1,0.02,0.01,0.02,0.01,0.01,0.01,0.01,0.01,d,f,h,0.2,0.1,0.02,0.01,0.2,0.1,0.02,0.01,0.02,0.01,0.01,0.01,0.01,0.01,f,h,l,0.2,0.1,0.02,0.01,0.01,0.01,0.01,0.01,0.01,a,c,f,0.1,0.02,0.01,0.02,0.01,0.01,0.01,0.01,0.01,0.01,f,h,0.2,0.1,0.02,0.01,0.1,0.02,0.01,0.02,0.01,0.02,0.01,g,m,0.1,0.02,0.01,0.02,0.01,0.01,0.01,0.01,0.01,0.01,l,0.1,0.02,0.01,0.02,0.01,0.01,0.01,0.01,0.01,0.01,l,0.1,0.02,0.01,0.02,0.01,0.01,0.01,0.01,0.01,0.01,l,0.1,0.02,0.01,0.02,0.01,0.01,0.01,0.01,0.01,0.01,a,d,f,l,0.1,0.02,0.01,0.02,0.01,0.01,0.01,0.01,0.01,0.01,l,0.1,0.02,0.01,0.02,0.01,0.01,0.01,0.01,0.01,0.01,l,0.1,0.02,0.01,0.02,0.01,0.01,0.01,0.01,0.01,0.01,l,0.1,0.02,0.01,0.02,0.01,0.01,0.01,0.01,0.01,0.01,l,0.1,0.02,0.01,0.02,0.01,0.01,0.01,0.01,0.01,0.01,i,0.1,0.02,0.01,0.02,0.01,0.01,0.01,0.01,0.01,0.01,c,e,g,0.1,0.02,0.01,0.02,0.01,0.01,0.01,0.01,0.01,0.01,e,g,0.1,0.02,0.01,0.02,0.01,0.01,0.01,0.01,0.01,0.01,e,g,0.1,0.02,0.01,0.02,0.01,0.01,0.01,0.01,0.01,0.01,e,g,0.1,0.02,0.01,0.02,0.01,0.01,0.01,0.01,0.01,0.01,e,h,0.2,0.1,0.02,0.01,0.01,0.01,0.01,0.01,0.01,d,g,0.2,0.1,0.02,0.01,0.01,0.01,0.01,0.01,0.01,f,0.1,0.02,0.01,0.02,0.01,0.01,0.01,0.01,0.01,0.01,f,0.2,0.1,0.02,0.01,0.1,0.02,0.01,0.02,0.01,0.02,0.01,d,f,h,0.2,0.1,0.02,0.01,0.2,0.1,0.02,0.01,0.02,0.01,0.01,0.01,0.01,0.01,f,h,l,0.2,0.1,0.02,0.01,0.01,0.01,0.01,0.01,0.01,a,c,f,0.1,0.02,0.01,0.02,0.01,0.01,0.01,0.01,0.01,0.01,f,h,0.2,0.1,0.02,0.01,0.1,0.02,0.01,0.02,0.01,0.02,0.01,g,m,0.1,0.02,0.01,0.02,0.01,0.01,0.01,0.01,0.01,0.01,l,0.1,0.02,0.01,0.02,0.01,0.01,0.01,0.01,0.01,0.01,l,0.1,0.02,0.01,0.02,0.01,0.01,0.01,0.01,0.01,0.01,l,0.1,0.02,0.01,0.02,0.01,0.01,0.01,0.01,0.01,0.01,a,c,f,l,0.1,0.02,0.01,0.02,0.01,0.01,0.01,0.01,0.01,0.01,l,0.1,0.02,0.01,0.02,0.01,0.01,0.01,0.01,0.01,0.01,l,0.1,0.02,0.01,0.02,0.01,0.01,0.01,0.01,0.01,0.01,l,0.1,0.02,0.01,0.02,0.01,0.01,0.01,0.01,0.01,0.01,l,0.1,0.02,0.01,0.02,0.01,0.01,0.01,0.01,0.01,0.01,i,0.1,0.02,0.01,0.02,0.01,0.01,0.01,0.01,0.01,0.01,c,e,g,0.1,0.02,0.01,0.02,0.01,0.01,0.01,0.01,0.01,0.01,e,g,0.1,0.02,0.01,0.02,0.01,0.01,0.01,0.01,0.01,0.01,e,g,0.1,0.02,0.01,0.02,0.01,0.01,0.01,0.01,0.01,0.01,e,g,0.1,0.02,0.01,0.02,0.01,0.01,0.01,0.01,0.01,0.01,e,g,0.2,0.1,0.02,0.01,0.01,0.01,0.01,0.01,0.01,e,g,0.1,0.02,0.01,0.02,0.01,0.01,0.01,0.01,0.01,0.01,f,h,0.1,0.02,0.01,0.02,0.01,0.01,0.01,0.01,0.01,0.01,f,h,0.2,0.1,0.02,0.01,0.01,0.01,0.01,0.01,0.01,c,0.2,0.1,0.02,0.01,0.01,0.01,0.01,0.01,0.01,f,0.2,0.1,0.02,0.01,0.01,0.01,0.01,0.01,0.01,h,0.1,0.02,0.01,0.02,0.01,0.01,0.01,0.01,0.01,0.01,g,j,l,0.1,0.02,0.01,0.02,0.01,0.01,0.01,0.01,0.01,0.01,j,l,0.1,0.02,0.01,0.02,0.01,0.01,0.01,0.01,0.01,0.01,e,j,l,0.1,0.02,0.01,0.02,0.01,0.01,0.01,0.01,0.01,0.01,j,l,0.1,0.02,0.01,0.02,0.01,0.01,0.01,0.01,0.01,0.01,e,j,l,0.2,0.1,0.02,0.01,0.01,0.01,0.01,0.01,0.01,f,g,j,0.2,0.1,0.02,0.01,0.01,0.01,0.01,0.01,0.01,j,l,0.2,0.1,0.02,0.01,0.01,0.01,0.01,0.01,0.01,i,l,0.2,0.1,0.02,0.01,0.01,0.01,0.01,0.01,0.01,b,0.2,0.1,0.02,0.01,0.01,0.01,0.01,0.01,0.01,f,0.2,0.1,0.02,0.01,0.01,0.01,0.01,0.01,0.01,h,0.1,0.02,0.01,0.02,0.01,0.01,0.01,0.01,0.01,0.01,g,i,l,0.1,0.02,0.01,0.02,0.01,0.01,0.01,0.01,0.01,0.01,i,l,0.1,0.02,0.01,0.02,0.01,0.01,0.01,0.01,0.01,0.01,c,i,l,0.1,0.02,0.01,0.02,0.01,0.01,0.01,0.01,0.01,0.01,i,l,0.1,0.02,0.01,0.02,0.01,0.01,0.01,0.01,0.01,0.01,g,i,l,0.2,0.1,0.02,0.01,0.01,0.01,0.01,0.01,0.01,e,g,i,0.2,0.1,0.02,0.01,0.01,0.01,0.01,0.01,0.01,i,0.2,0.1,0.02,0.01,0.01,0.01,0.01,0.01,0.01,h,0.2,0.1,0.02,0.01,0.01,0.01,0.01,0.01,0.01,f,0.2,0.1,0.02,0.01,0.01,0.01,0.01,0.01,0.01,j,0.2,0.1,0.02,0.01,0.01,0.01,0.01,0.01,0.01,f,h,l,o,0.2,0.1,0.02,0.01,0.01,0.01,0.01,0.01,0.01,e,0.1,0.02,0.01,0.02,0.01,0.01,0.01,0.01,0.01,0.01,f,h,0.1,0.02,0.01,0.02,0.01,0.01,0.01,0.01,0.01,0.01,a,0.1,0.02,0.01,0.02,0.01,0.01,0.01,0.01,0.01,0.01,f,0.2,0.1,0.02,0.01,0.01,0.01,0.01,0.01,0.01,h,n,0.1,0.02,0.01,0.02,0.01,0.01,0.01,0.01,0.01,0.01,m,0.1,0.02,0.01,0.02,0.01,0.01,0.01,0.01,0.01,0.01,m,0.1,0.02,0.01,0.02,0.01,0.01,0.01,0.01,0.01,0.01,m,0.1,0.02,0.01,0.02,0.01,0.01,0.01,0.01,0.01,0.01,e,g,m,0.1,0.02,0.01,0.02,0.01,0.01,0.01,0.01,0.01,0.01,m,0.1,0.02,0.01,0.02,0.01,0.01,0.01,0.01,0.01,0.01,d,m,0.1,0.02,0.01,0.02,0.01,0.01,0.01,0.01,0.01,0.01,m,0.1,0.02,0.01,0.02,0.01,0.01,0.01,0.01,0.01,0.01,m,0.1,0.02,0.01,0.02,0.01,0.01,0.01,0.01,0.01,0.01,g,i,0.1,0.02,0.01,0.02,0.01,0.01,0.01,0.01,0.01,0.01,c,e,g,0.1,0.02,0.01,0.02,0.01,0.01,0.01,0.01,0.01,0.01,e,g,0.2,0.1,0.02,0.01,0.01,0.01,0.01,0.01,0.01,h,0.2,0.1,0.02,0.01,0.01,0.01,0.01,0.01,0.01,g,0.1,0.02,0.01,0.02,0.01,0.01,0.01,0.01,0.01,0.01,f,0.1,0.02,0.01,0.02,0.01,0.01,0.01,0.01,0.01,0.01,f,0.1,0.02,0.01,0.02,0.01,0.01,0.01,0.01,0.01,0.01,f,0.1,0.02,0.01,0.02,0.01,0.01,0.01,0.01,0.01,0.01,f,i,0.2,0.1,0.02,0.01,0.01,0.01,0.01,0.01,0.01,f,j,0.2,0.1,0.02,0.01,0.01,0.01,0.01,0.01,0.01,c,f,0.2,0.1,0.02,0.01,0.01,0.01,0.01,0.01,0.01,d,h,0.2,0.1,0.02,0.01,0.01,0.01,0.01,0.01,0.01,f,0.2,0.1,0.02,0.01,0.01,0.01,0.01,0.01,0.01,d,l,0.2,0.1,0.02,0.01,0.01,0.01,0.01,0.01,0.01,a,d,l,0.1,0.02,0.01,0.02,0.01,0.01,0.01,0.01,0.01,0.01,i,0.2,0.1,0.02,0.01,0.01,0.01,0.01,0.01,0.01,h,0.1,0.02,0.01,0.02,0.01,0.01,0.01,0.01,0.01,0.01,e,0.2,0.1,0.02,0.01,0.01,0.01,0.01,0.01,0.01,e,l,0.2,0.1,0.02,0.01,0.01,0.01,0.01,0.01,0.01,b,e,l,0.1,0.02,0.01,0.02,0.01,0.01,0.01,0.01,0.01,0.01,c,i,0.2,0.1,0.02,0.01,0.01,0.01,0.01,0.01,0.01,c,h,0.2,0.1,0.02,0.01,0.01,0.01,0.01,0.01,0.01,e,g,0.1,0.02,0.01,0.02,0.01,0.01,0.01,0.01,0.01,0.01,f,0.1,0.02,0.01,0.02,0.01,0.01,0.01,0.01,0.01,0.01,f,0.1,0.02,0.01,0.02,0.01,0.01,0.01,0.01,0.01,0.01,f,0.1,0.02,0.01,0.02,0.01,0.01,0.01,0.01,0.01,0.01,f,i,0.2,0.1,0.02,0.01,0.01,0.01,0.01,0.01,0.01,f,j,0.2,0.1,0.02,0.01,0.01,0.01,0.01,0.01,0.01,a,f,0.2,0.1,0.02,0.01,0.01,0.01,0.01,0.01,0.01,d,h,0.2,0.1,0.02,0.01,0.01,0.01,0.01,0.01,0.01,f,0.2,0.1,0.02,0.01,0.01,0.01,0.01,0.01,0.01,d,h,0.2,0.1,0.02,0.01,0.01,0.01,0.01,0.01,0.01,a,d,l,0.2,0.1,0.02,0.01,0.01,0.01,0.01,0.01,0.01,l,0.1,0.02,0.01,0.02,0.01,0.01,0.01,0.01,0.01,0.01,i,0.1,0.02,0.01,0.02,0.01,0.01,0.01,0.01,0.01,0.01,e,0.2,0.1,0.02,0.01,0.01,0.01,0.01,0.01,0.01,e,h,0.2,0.1,0.02,0.01,0.01,0.01,0.01,0.01,0.01,a,e,l,0.2,0.1,0.02,0.01,0.01,0.01,0.01,0.01,0.01,c,m,0.1,0.02,0.01,0.02,0.01,0.01,0.01,0.01,0.01,0.01,i,0.2,0.1,0.02,0.01,0.01,0.01,0.01,0.01,0.01,c,h,0.2,0.1,0.02,0.01,0.01,0.01,0.01,0.01,0.01,c,0.2,0.1,0.02,0.01,0.01,0.01,0.01,0.01,0.01,c,h,0.2,0.1,0.02,0.01,0.01,0.01,0.01,0.01,0.01,b,e,g,0.1,0.02,0.01,0.02,0.01,0.01,0.01,0.01,0.01,0.01,f,0.1,0.02,0.01,0.02,0.01,0.01,0.01,0.01,0.01,0.01,f,0.1,0.02,0.01,0.02,0.01,0.01,0.01,0.01,0.01,0.01,f,0.1,0.02,0.01,0.02,0.01,0.01,0.01,0.01,0.01,0.01,a,c,e,i,0.2,0.1,0.02,0.01,0.01,0.01,0.01,0.01,0.01,a,c,e,j,0.2,0.1,0.02,0.01,0.01,0.01,0.01,0.01,0.01,c,f,0.2,0.1,0.02,0.01,0.01,0.01,0.01,0.01,0.01,f,h,0.2,0.1,0.02,0.01,0.01,0.01,0.01,0.01,0.01,f,0.2,0.1,0.02,0.01,0.01,0.01,0.01,0.01,0.01,f,h,0.2,0.1,0.02,0.01,0.01,0.01,0.01,0.01,0.01,a,e,l,0.2,0.1,0.02,0.01,0.01,0.01,0.01,0.01,0.01,l,0.1,0.02,0.01,0.02,0.01,0.01,0.01,0.01,0.01,0.01,e,i,0.2,0.1,0.02,0.01,0.01,0.01,0.01,0.01,0.01,e,h,0.2,0.1,0.02,0.01,0.01,0.01,0.01,0.01,0.01,b,e,l,0.2,0.1,0.02,0.01,0.01,0.01,0.01,0.01,0.01,c,l,0.1,0.02,0.01,0.02,0.01,0.01,0.01,0.01,0.01,0.01,i,0.2,0.1,0.02,0.01,0.01,0.01,0.01,0.01,0.01,c,h,0.2,0.1,0.02,0.01,0.01,0.01,0.01,0.01,0.01,f,h,i,0.2,0.1,0.02,0.01,0.01,0.01,0.01,0.01,0.01,i,0.2,0.1,0.02,0.01,0.01,0.01,0.01,0.01,0.01,g,j,0.2,0.1,0.02,0.01,0.01,0.01,0.01,0.01,0.01,g,j,0.2,0.1,0.02,0.01,0.01,0.01,0.01,0.01,0.01,c,f,0.2,0.1,0.02,0.01,0.01,0.01,0.01,0.01,0.01,b,h,0.2,0.1,0.02,0.01,0.01,0.01,0.01,0.01,0.01,f,0.2,0.1,0.02,0.01,0.01,0.01,0.01,0.01,0.01,b,h,0.2,0.1,0.02,0.01,0.01,0.01,0.01,0.01,0.01,a,d,l,0.2,0.1,0.02,0.01,0.01,0.01,0.01,0.01,0.01,l,0.1,0.02,0.01,0.02,0.01,0.01,0.01,0.01,0.01,0.01,i,0.1,0.02,0.01,0.02,0.01,0.01,0.01,0.01,0.01,0.01,e,0.2,0.1,0.02,0.01,0.01,0.01,0.01,0.01,0.01,e,h,0.2,0.1,0.02,0.01,0.01,0.01,0.01,0.01,0.01,b,e,l,0.2,0.1,0.02,0.01,0.01,0.01,0.01,0.01,0.01,c,m,0.1,0.02,0.01,0.02,0.01,0.01,0.01,0.01,0.01,0.01,i,0.2,0.1,0.02,0.01,0.01,0.01,0.01,0.01,0.01,c,h,0.2,0.1,0.02,0.01,0.01,0.01,0.01,0.01,0.01,e,g,0.1,0.02,0.01,0.02,0.01,0.01,0.01,0.01,0.01,0.01,f,0.1,0.02,0.01,0.02,0.01,0.01,0.01,0.01,0.01,0.01,f,0.1,0.02,0.01,0.02,0.01,0.01,0.01,0.01,0.01,0.01,f,0.1,0.02,0.01,0.02,0.01,0.01,0.01,0.01,0.01,0.01,f,0.2,0.1,0.02,0.01,0.01,0.01,0.01,0.01,0.01,c,0.2,0.1,0.02,0.01,0.01,0.01,0.01,0.01,0.01,f,i,0.1,0.02,0.01,0.02,0.01,0.01,0.01,0.01,0.01,0.01,j,0.1,0.02,0.01,0.02,0.01,0.01,0.01,0.01,0.01,0.01,i,0.1,0.02,0.01,0.02,0.01,0.01,0.01,0.01,0.01,0.01,d,i,0.1,0.02,0.01,0.02,0.01,0.01,0.01,0.01,0.01,0.01,a,0.1,0.02,0.01,0.02,0.01,0.01,0.01,0.01,0.01,0.01,d,0.1,0.02,0.01,0.02,0.01,0.01,0.01,0.01,0.01,0.01,k,0.1,0.02,0.01,0.02,0.01,0.01,0.01,0.01,0.01,0.01,j,0.1,0.02,0.01,0.02,0.01,0.01,0.01,0.01,0.01,0.01,j,0.1,0.02,0.01,0.02,0.01,0.01,0.01,0.01,0.01,0.01,i,0.1,0.02,0.01,0.02,0.01,0.01,0.01,0.01,0.01,0.01,e,i,0.1,0.02,0.01,0.02,0.01,0.01,0.01,0.01,0.01,0.01,j,0.1,0.02,0.01,0.02,0.01,0.01,0.01,0.01,0.01,0.01,b,i,0.1,0.02,0.01,0.02,0.01,0.01,0.01,0.01,0.01,0.01,i,0.1,0.02,0.01,0.02,0.01,0.01,0.01,0.01,0.01,0.01,e,i,0.1,0.02,0.01,0.02,0.01,0.01,0.01,0.01,0.01,0.01,g,0.1,0.02,0.01,0.02,0.01,0.01,0.01,0.01,0.01,0.01,c,g,0.1,0.02,0.01,0.02,0.01,0.01,0.01,0.01,0.01,0.01,i,0.1,0.02,0.01,0.02,0.01,0.01,0.01,0.01,0.01,0.01,a,d,g,0.1,0.02,0.01,0.02,0.01,0.01,0.01,0.01,0.01,0.01,g,0.1,0.02,0.01,0.02,0.01,0.01,0.01,0.01,0.01,0.01,c,g,0.2,0.1,0.02,0.01,0.01,0.01,0.01,0.01,0.01,g,0.2,0.1,0.02,0.01,0.01,0.01,0.01,0.01,0.01,f,0.1,0.02,0.01,0.02,0.01,0.01,0.01,0.01,0.01,0.01,f,0.1,0.02,0.01,0.02,0.01,0.01,0.01,0.01,0.01,0.01,f,0.2,0.1,0.02,0.01,0.01,0.01,0.01,0.01,0.01,c,0.2,0.1,0.02,0.01,0.01,0.01,0.01,0.01,0.01,f,i,0.1,0.02,0.01,0.02,0.01,0.01,0.01,0.01,0.01,0.01,j,0.1,0.02,0.01,0.02,0.01,0.01,0.01,0.01,0.01,0.01,i,0.1,0.02,0.01,0.02,0.01,0.01,0.01,0.01,0.01,0.01,i,0.1,0.02,0.01,0.02,0.01,0.01,0.01,0.01,0.01,0.01,a,0.1,0.02,0.01,0.02,0.01,0.01,0.01,0.01,0.01,0.01,d,0.1,0.02,0.01,0.02,0.01,0.01,0.01,0.01,0.01,0.01,m,0.1,0.02,0.01,0.02,0.01,0.01,0.01,0.01,0.01,0.01,l,0.1,0.02,0.01,0.02,0.01,0.01,0.01,0.01,0.01,0.01,l,0.1,0.02,0.01,0.02,0.01,0.01,0.01,0.01,0.01,0.01,l,0.1,0.02,0.01,0.02,0.01,0.01,0.01,0.01,0.01,0.01,e,l,0.1,0.02,0.01,0.02,0.01,0.01,0.01,0.01,0.01,0.01,l,0.1,0.02,0.01,0.02,0.01,0.01,0.01,0.01,0.01,0.01,b,m,0.1,0.02,0.01,0.02,0.01,0.01,0.01,0.01,0.01,0.01,l,0.1,0.02,0.01,0.02,0.01,0.01,0.01,0.01,0.01,0.01,a,l,0.1,0.02,0.01,0.02,0.01,0.01,0.01,0.01,0.01,0.01,i,0.1,0.02,0.01,0.02,0.01,0.01,0.01,0.01,0.01,0.01,c,i,0.1,0.02,0.01,0.02,0.01,0.01,0.01,0.01,0.01,0.01,j,0.1,0.02,0.01,0.02,0.01,0.01,0.01,0.01,0.01,0.01,g,i,0.1,0.02,0.01,0.02,0.01,0.01,0.01,0.01,0.01,0.01,i,0.1,0.02,0.01,0.02,0.01,0.01,0.01,0.01,0.01,0.01,c,j,0.2,0.1,0.02,0.01,0.01,0.01,0.01,0.01,0.01,k,0.2,0.1,0.02,0.01,0.01,0.01,0.01,0.01,0.01,j,0.1,0.02,0.01,0.02,0.01,0.01,0.01,0.01,0.01,0.01,j,0.1,0.02,0.01,0.02,0.01,0.01,0.01,0.01,0.01,0.01,f,0.2,0.1,0.02,0.01,0.01,0.01,0.01,0.01,0.01,c,h,0.1,0.02,0.01,0.02,0.01,0.01,0.01,0.01,0.01,0.01,h,0.1,0.02,0.01,0.02,0.01,0.01,0.01,0.01,0.01,0.01,f,l,0.1,0.02,0.01,0.02,0.01,0.01,0.01,0.01,0.01,0.01,l,0.1,0.02,0.01,0.02,0.01,0.01,0.01,0.01,0.01,0.01,e,l,0.1,0.02,0.01,0.02,0.01,0.01,0.01,0.01,0.01,0.01,l,0.1,0.02,0.01,0.02,0.01,0.01,0.01,0.01,0.01,0.01,a,m,0.2,0.1,0.02,0.01,0.01,0.01,0.01,0.01,0.01,d,h,0.2,0.1,0.02,0.01,0.01,0.01,0.01,0.01,0.01,m,0.1,0.02,0.01,0.02,0.01,0.01,0.01,0.01,0.01,0.01,l,0.1,0.02,0.01,0.02,0.01,0.01,0.01,0.01,0.01,0.01,l,0.1,0.02,0.01,0.02,0.01,0.01,0.01,0.01,0.01,0.01,d,0.2,0.1,0.02,0.01,0.01,0.01,0.01,0.01,0.01,b,0.1,0.02,0.01,0.02,0.01,0.01,0.01,0.01,0.01,0.01,h,0.1,0.02,0.01,0.02,0.01,0.01,0.01,0.01,0.01,0.01,e,l,0.1,0.02,0.01,0.02,0.01,0.01,0.01,0.01,0.01,0.01,l,0.1,0.02,0.01,0.02,0.01,0.01,0.01,0.01,0.01,0.01,a,l,0.1,0.02,0.01,0.02,0.01,0.01,0.01,0.01,0.01,0.01,l,0.1,0.02,0.01,0.02,0.01,0.01,0.01,0.01,0.01,0.01,b,l,0.1,0.02,0.01,0.02,0.01,0.01,0.01,0.01,0.01,0.01,j,0.1,0.02,0.01,0.02,0.01,0.01,0.01,0.01,0.01,0.01,c,j,0.2,0.1,0.02,0.01,0.01,0.01,0.01,0.01,0.01,k,0.2,0.1,0.02,0.01,0.01,0.01,0.01,0.01,0.01,j,0.2,0.1,0.02,0.01,0.01,0.01,0.01,0.01,0.01,h,0.1,0.02,0.01,0.02,0.01,0.01,0.01,0.01,0.01,0.01,f,0.2,0.1,0.02,0.01,0.01,0.01,0.01,0.01,0.01,c,0.2,0.1,0.02,0.01,0.01,0.01,0.01,0.01,0.01,f,j,0.2,0.1,0.02,0.01,0.01,0.01,0.01,0.01,0.01,d,i,0.1,0.02,0.01,0.02,0.01,0.01,0.01,0.01,0.01,0.01,i,0.1,0.02,0.01,0.02,0.01,0.01,0.01,0.01,0.01,0.01,a,0.2,0.1,0.02,0.01,0.01,0.01,0.01,0.01,0.01,d,0.1,0.02,0.01,0.02,0.01,0.01,0.01,0.01,0.01,0.01,h,m,0.1,0.02,0.01,0.02,0.01,0.01,0.01,0.01,0.01,0.01,l,0.1,0.02,0.01,0.02,0.01,0.01,0.01,0.01,0.01,0.01,l,0.1,0.02,0.01,0.02,0.01,0.01,0.01,0.01,0.01,0.01,l,0.1,0.02,0.01,0.02,0.01,0.01,0.01,0.01,0.01,0.01,d,g,l,0.1,0.02,0.01,0.02,0.01,0.01,0.01,0.01,0.01,0.01,l,0.1,0.02,0.01,0.02,0.01,0.01,0.01,0.01,0.01,0.01,b,l,0.1,0.02,0.01,0.02,0.01,0.01,0.01,0.01,0.01,0.01,l,0.1,0.02,0.01,0.02,0.01,0.01,0.01,0.01,0.01,0.01,e,l,0.1,0.02,0.01,0.02,0.01,0.01,0.01,0.01,0.01,0.01,i,0.1,0.02,0.01,0.02,0.01,0.01,0.01,0.01,0.01,0.01,i,0.1,0.02,0.01,0.02,0.01,0.01,0.01,0.01,0.01,0.01,i,0.2,0.1,0.02,0.01,0.1,0.02,0.01,0.02,0.01,0.02,0.01,j,0.2,0.1,0.02,0.01,0.01,0.01,0.01,0.01,0.01,i,0.1,0.02,0.01,0.02,0.01,0.01,0.01,0.01,0.01,0.01,f,0.1,0.02,0.01,0.02,0.01,0.01,0.01,0.01,0.01,0.01,f,0.1,0.02,0.01,0.02,0.01,0.01,0.01,0.01,0.01,0.01,f,0.01,0.01,0.01,0.01,









