f,0.2,0.1,0.02,0.01,0.2,0.1,0.02,0.01,0.02,0.01,0.02,0.01,0.02,0.01,h,0.2,0.1,0.02,0.01,0.2,0.1,0.02,0.01,0.02,0.01,0.02,0.01,0.02,0.01,i,0.2,0.1,0.02,0.01,0.2,0.1,0.02,0.01,0.2,0.1,0.02,0.01,0.1,0.02,0.01,0.01,0.01,0.01,0.01,j,0.2,0.1,0.02,0.01,0.02,0.01,0.01,0.01,0.01,0.01,0.01,i,0.2,0.1,0.02,0.01,0.2,0.1,0.02,0.01,0.2,0.1,0.02,0.01,0.2,0.1,0.02,0.01,0.2,0.1,0.02,0.01,0.2,0.1,0.02,0.01,0.2,0.02,0.01,0.02,0.01,0.01,0.01,0.01,0.01,j,0.2,0.1,0.02,0.01,0.02,0.01,0.01,0.01,0.01,0.01,0.01,i,0.2,0.1,0.02,0.01,0.02,0.01,0.01,0.01,0.01,0.01,0.01,h,0.2,0.1,0.02,0.01,0.2,0.1,0.02,0.01,0.02,0.01,0.02,0.01,0.02,0.01,g,0.2,0.1,0.02,0.01,0.2,0.1,0.02,0.01,0.02,0.01,0.02,0.01,0.02,0.01,c,0.2,0.1,0.02,0.01,0.2,0.1,0.02,0.01,0.2,0.1,0.02,0.01,0.1,0.02,0.01,0.01,0.01,0.01,0.01,g,0.2,0.1,0.02,0.01,0.02,0.01,0.01,0.01,0.01,0.01,0.01,g,0.2,0.1,0.02,0.01,0.2,0.1,0.02,0.01,0.2,0.1,0.02,0.01,0.2,0.1,0.02,0.01,0.2,0.1,0.02,0.01,0.2,0.1,0.02,0.01,0.2,0.1,0.02,0.01,0.2,0.1,0.02,0.01,0.2,0.1,0.02,0.01,0.02,0.01,f,0.2,0.1,0.02,0.01,0.2,0.1,0.02,0.01,0.02,0.01,0.02,0.01,0.02,0.01,h,0.2,0.1,0.02,0.01,0.2,0.1,0.02,0.01,0.02,0.01,0.02,0.01,0.02,0.01,d,f,i,0.2,0.1,0.02,0.01,0.2,0.1,0.02,0.01,0.2,0.1,0.02,0.01,0.1,0.02,0.01,0.01,0.01,0.01,0.01,j,0.2,0.1,0.02,0.01,0.02,0.01,0.01,0.01,0.01,0.01,0.01,i,0.2,0.1,0.02,0.01,0.2,0.1,0.02,0.01,0.2,0.1,0.02,0.01,0.2,0.1,0.02,0.01,0.1,0.02,0.01,0.02,0.01,0.01,0.01,0.01,0.01,0.01,b,0.2,0.1,0.02,0.01,0.2,0.1,0.02,0.01,0.02,0.01,0.02,0.01,0.02,0.01,j,0.2,0.1,0.02,0.01,0.02,0.01,0.01,0.01,0.01,0.01,0.01,i,0.2,0.1,0.02,0.01,0.02,0.01,0.01,0.01,0.01,0.01,0.01,h,0.2,0.1,0.02,0.01,0.2,0.1,0.02,0.01,0.02,0.01,0.02,0.01,0.02,0.01,g,0.2,0.1,0.02,0.01,0.2,0.1,0.02,0.01,0.02,0.01,0.02,0.01,0.02,0.01,a,g,0.2,0.1,0.02,0.01,0.2,0.1,0.02,0.01,0.02,0.01,0.02,0.01,0.02,0.01,e,0.2,0.1,0.02,0.01,0.02,0.01,0.01,0.01,0.01,0.01,0.01,l,0.2,0.1,0.02,0.01,0.02,0.01,0.01,0.01,0.01,0.01,0.01,g,j,l,0.2,0.1,0.02,0.01,0.2,0.1,0.02,0.01,0.2,0.1,0.02,0.01,0.2,0.1,0.02,0.01,0.2,0.1,0.02,0.01,0.2,0.1,0.02,0.01,0.2,0.1,0.02,0.01,0.2,0.1,0.02,0.01,0.1,0.02,0.01,0.02,0.01,0.01,0.01,0.01,0.01,l,0.1,0.02,0.01,0.02,0.01,0.02,0.01,m,0.2,0.1,0.02,0.01,0.2,0.1,0.02,0.01,0.02,0.01,0.02,0.01,0.02,0.01,l,0.2,0.1,0.02,0.01,0.2,0.1,0.02,0.01,0.02,0.01,0.02,0.01,0.02,0.01,d,f,j,0.2,0.1,0.02,0.01,0.2,0.1,0.02,0.01,0.2,0.1,0.02,0.01,0.1,0.02,0.01,0.01,0.01,0.01,0.01,f,0.2,0.1,0.02,0.01,0.02,0.01,0.01,0.01,0.01,0.01,0.01,j,0.2,0.1,0.02,0.01,0.2,0.1,0.02,0.01,0.2,0.1,0.02,0.01,0.2,0.1,0.02,0.01,0.1,0.02,0.01,0.02,0.01,0.01,0.01,0.01,0.01,0.01,b,c,e,0.2,0.1,0.02,0.01,0.2,0.1,0.02,0.01,0.02,0.01,0.02,0.01,0.02,0.01,i,0.2,0.1,0.02,0.01,0.02,0.01,0.01,0.01,0.01,0.01,0.01,h,0.2,0.1,0.02,0.01,0.02,0.01,0.01,0.01,0.01,0.01,0.01,g,0.2,0.1,0.02,0.01,0.2,0.1,0.02,0.01,0.02,0.01,0.02,0.01,0.02,0.01,e,0.2,0.1,0.02,0.01,0.2,0.1,0.02,0.01,0.02,0.01,0.02,0.01,0.02,0.01,a,c,g,0.2,0.1,0.02,0.01,0.2,0.1,0.02,0.01,0.2,0.1,0.02,0.01,0.1,0.02,0.01,0.01,0.01,0.01,0.01,g,0.2,0.1,0.02,0.01,0.02,0.01,0.01,0.01,0.01,0.01,0.01,g,0.2,0.1,0.02,0.01,0.2,0.1,0.02,0.01,0.2,0.1,0.02,0.01,0.2,0.1,0.02,0.01,0.2,0.1,0.02,0.01,0.2,0.1,0.02,0.01,0.2,0.1,0.02,0.01,0.2,0.1,0.02,0.01,0.2,0.1,0.02,0.01,0.02,0.01,a,f,0.2,0.1,0.02,0.01,0.2,0.1,0.02,0.01,0.02,0.01,0.02,0.01,0.02,0.01,h,0.2,0.1,0.02,0.01,0.2,0.1,0.02,0.01,0.02,0.01,0.02,0.01,0.02,0.01,d,f,h,i,0.2,0.1,0.02,0.01,0.2,0.1,0.02,0.01,0.2,0.1,0.02,0.01,0.1,0.02,0.01,0.01,0.01,0.01,0.01,j,0.2,0.1,0.02,0.01,0.02,0.01,0.01,0.01,0.01,0.01,0.01,i,0.2,0.1,0.02,0.01,0.2,0.1,0.02,0.01,0.2,0.1,0.02,0.01,0.2,0.1,0.02,0.01,0.1,0.02,0.01,0.02,0.01,0.01,0.01,0.01,0.01,0.01,b,c,e,0.2,0.1,0.02,0.01,0.2,0.1,0.02,0.01,0.02,0.01,0.02,0.01,0.02,0.01,j,0.2,0.1,0.02,0.01,0.02,0.01,0.01,0.01,0.01,0.01,0.01,i,0.2,0.1,0.02,0.01,0.02,0.01,0.01,0.01,0.01,0.01,0.01,g,0.2,0.1,0.02,0.01,0.2,0.1,0.02,0.01,0.2,0.1,0.02,0.01,0.1,0.02,0.01,0.01,0.01,0.01,0.01,e,0.2,0.1,0.02,0.01,0.02,0.01,0.01,0.01,0.01,0.01,0.01,a,f,0.2,0.1,0.02,0.01,0.02,0.01,0.01,0.01,0.01,0.01,0.01,c,0.2,0.1,0.02,0.01,0.02,0.01,0.01,0.01,0.01,0.01,0.01,f,0.2,0.1,0.02,0.01,0.02,0.01,0.01,0.01,0.01,0.01,0.01,g,i,0.2,0.1,0.02,0.01,0.2,0.1,0.02,0.01,0.2,0.1,0.02,0.01,0.2,0.1,0.02,0.01,0.2,0.1,0.02,0.01,0.2,0.02,0.01,f,h,0.2,0.1,0.02,0.01,0.2,0.1,0.02,0.01,0.2,0.1,0.02,0.01,0.2,0.1,0.02,0.01,0.2,0.1,0.02,0.01,0.2,0.1,0.02,0.01,0.2,0.1,0.02,0.01,0.2,0.1,0.02,0.01,0.2,0.1,0.02,0.01,0.02,0.01,a,0.2,0.1,0.02,0.01,0.02,0.01,0.01,0.01,0.01,0.01,0.01,c,0.2,0.1,0.02,0.01,0.02,0.01,0.01,0.01,0.01,0.01,0.01,e,0.2,0.1,0.02,0.01,0.02,0.01,0.01,0.01,0.01,0.01,0.01,g,i,0.2,0.1,0.02,0.01,0.2,0.1,0.02,0.01,0.2,0.1,0.02,0.01,0.2,0.1,0.02,0.01,0.2,0.1,0.02,0.01,0.2,0.02,0.01,a,0.1,0.02,0.01,0.02,0.01,0.02,0.01,c,0.1,0.02,0.01,0.02,0.01,0.02,0.01,f,0.1,0.02,0.01,0.02,0.01,0.02,0.01,j,0.01,0.01,0.01,0.01,









