h,0.2,0.02,0.01,g,0.2,0.02,0.01,d,g,0.2,0.1,0.02,0.01,0.1,0.02,0.01,a,0.2,0.02,0.01,h,0.2,0.1,0.02,0.01,0.1,0.02,0.01,a,0.2,0.02,0.01,e,0.2,0.1,0.02,0.01,0.1,0.02,0.01,e,g,0.2,0.1,0.02,0.01,0.1,0.02,0.01,b,0.2,0.02,0.01,h,0.2,0.1,0.02,0.01,0.1,0.02,0.01,b,0.2,0.02,0.01,e,0.2,0.1,0.02,0.01,0.1,0.02,0.01,f,g,0.2,0.1,0.02,0.01,0.1,0.02,0.01,c,0.2,0.02,0.01,h,0.2,0.1,0.02,0.01,0.1,0.02,0.01,c,0.2,0.02,0.01,e,0.2,0.1,0.02,0.01,0.2,0.1,0.02,0.01,0.2,0.1,0.02,0.01,0.2,0.1,0.02,0.01,0.2,0.1,0.02,0.01,0.1,0.02,0.01,0.02,0.01,0.02,0.01,h,0.2,0.02,0.01,g,0.2,0.02,0.01,d,g,0.2,0.1,0.02,0.01,0.1,0.02,0.01,a,0.2,0.02,0.01,h,0.2,0.1,0.02,0.01,0.1,0.02,0.01,a,0.2,0.02,0.01,e,0.2,0.1,0.02,0.01,0.1,0.02,0.01,e,g,0.2,0.1,0.02,0.01,0.1,0.02,0.01,b,0.2,0.02,0.01,h,0.2,0.1,0.02,0.01,0.1,0.02,0.01,b,0.2,0.02,0.01,e,0.2,0.1,0.02,0.01,0.1,0.02,0.01,f,g,0.2,0.1,0.02,0.01,0.1,0.02,0.01,c,0.2,0.02,0.01,h,0.2,0.1,0.02,0.01,0.1,0.02,0.01,c,0.2,0.02,0.01,e,0.2,0.1,0.02,0.01,0.2,0.1,0.02,0.01,0.2,0.1,0.02,0.01,0.2,0.1,0.02,0.01,0.02,0.01,0.02,0.01,g,0.2,0.1,0.02,0.01,0.1,0.02,0.01,h,0.2,0.02,0.01,i,0.2,0.02,0.01,d,g,0.2,0.1,0.02,0.01,0.1,0.02,0.01,a,0.2,0.02,0.01,h,0.2,0.1,0.02,0.01,0.1,0.02,0.01,a,0.2,0.02,0.01,e,0.2,0.1,0.02,0.01,0.1,0.02,0.01,e,g,0.2,0.1,0.02,0.01,0.1,0.02,0.01,b,0.2,0.02,0.01,h,0.2,0.1,0.02,0.01,0.1,0.02,0.01,b,0.2,0.02,0.01,e,0.2,0.1,0.02,0.01,0.1,0.02,0.01,f,g,0.2,0.1,0.02,0.01,0.1,0.02,0.01,c,0.2,0.02,0.01,h,0.2,0.1,0.02,0.01,0.1,0.02,0.01,c,0.2,0.02,0.01,e,0.2,0.1,0.02,0.01,0.2,0.1,0.02,0.01,0.2,0.1,0.02,0.01,0.2,0.1,0.02,0.01,0.2,0.1,0.02,0.01,0.1,0.02,0.01,0.02,0.01,0.02,0.01,h,0.2,0.02,0.01,g,0.2,0.02,0.01,d,g,0.2,0.1,0.02,0.01,0.1,0.02,0.01,a,0.2,0.02,0.01,h,0.2,0.1,0.02,0.01,0.1,0.02,0.01,a,0.2,0.02,0.01,e,0.2,0.1,0.02,0.01,0.1,0.02,0.01,e,g,0.2,0.1,0.02,0.01,0.1,0.02,0.01,b,0.2,0.02,0.01,h,0.2,0.1,0.02,0.01,0.1,0.02,0.01,b,0.2,0.02,0.01,e,0.2,0.1,0.02,0.01,0.1,0.02,0.01,f,g,0.2,0.1,0.02,0.01,0.1,0.02,0.01,c,0.2,0.02,0.01,h,0.2,0.1,0.02,0.01,0.1,0.02,0.01,c,0.2,0.02,0.01,e,0.2,0.1,0.02,0.01,0.2,0.1,0.02,0.01,0.2,0.1,0.02,0.01,0.2,0.1,0.02,0.01,0.02,0.01,0.02,0.01,o,0.2,0.02,0.01,n,0.2,0.02,0.01,l,0.2,0.02,0.01,j,0.2,0.02,0.01,d,g,0.2,0.1,0.02,0.01,0.1,0.02,0.01,a,0.2,0.02,0.01,h,0.2,0.02,0.01,l,0.2,0.02,0.01,a,l,0.2,0.02,0.01,e,l,0.2,0.02,0.01,l,0.2,0.02,0.01,e,g,i,0.2,0.1,0.02,0.01,0.1,0.02,0.01,b,i,0.2,0.02,0.01,h,0.2,0.02,0.01,j,0.2,0.02,0.01,b,0.2,0.02,0.01,e,0.2,0.1,0.02,0.01,0.1,0.02,0.01,f,g,0.2,0.1,0.02,0.01,0.1,0.02,0.01,c,0.2,0.02,0.01,h,i,0.2,0.02,0.01,l,0.2,0.02,0.01,c,l,0.2,0.02,0.01,e,l,0.2,0.02,0.01,l,0.2,0.02,0.01,i,0.2,0.1,0.02,0.01,0.1,0.02,0.01,i,0.2,0.1,0.02,0.01,0.1,0.02,0.01,j,0.2,0.1,0.02,0.01,0.1,0.02,0.01,h,0.2,0.02,0.01,g,0.2,0.02,0.01,d,g,0.2,0.1,0.02,0.01,0.1,0.02,0.01,a,i,0.2,0.02,0.01,h,i,0.2,0.02,0.01,l,0.2,0.02,0.01,a,l,0.2,0.02,0.01,e,l,0.2,0.02,0.01,l,0.2,0.02,0.01,e,g,i,0.2,0.1,0.02,0.01,0.1,0.02,0.01,b,i,0.2,0.02,0.01,h,0.2,0.02,0.01,j,0.2,0.02,0.01,b,0.2,0.02,0.01,e,0.2,0.1,0.02,0.01,0.1,0.02,0.01,f,g,i,0.2,0.1,0.02,0.01,0.1,0.02,0.01,c,i,0.2,0.02,0.01,h,i,0.2,0.1,0.02,0.01,0.1,0.02,0.01,c,h,0.2,0.02,0.01,e,h,0.2,0.1,0.02,0.01,0.1,0.02,0.01,i,0.2,0.1,0.02,0.01,0.1,0.02,0.01,i,0.2,0.02,0.01,i,0.2,0.02,0.01,g,0.2,0.02,0.01,h,0.2,0.02,0.01,h,0.2,0.02,0.01,i,0.2,0.02,0.01,d,g,0.2,0.1,0.02,0.01,0.1,0.02,0.01,a,h,0.2,0.02,0.01,h,0.2,0.02,0.01,l,0.2,0.02,0.01,a,l,0.2,0.02,0.01,e,l,0.2,0.02,0.01,l,0.2,0.02,0.01,e,g,i,0.2,0.02,0.01,i,0.2,0.02,0.01,b,i,0.2,0.02,0.01,h,0.2,0.02,0.01,j,0.2,0.02,0.01,b,0.2,0.02,0.01,e,0.2,0.1,0.02,0.01,0.1,0.02,0.01,f,g,0.2,0.1,0.02,0.01,0.1,0.02,0.01,c,h,0.2,0.02,0.01,h,0.2,0.02,0.01,l,0.2,0.02,0.01,c,l,0.2,0.02,0.01,e,l,0.2,0.02,0.01,l,0.2,0.02,0.01,i,0.2,0.1,0.02,0.01,0.1,0.02,0.01,i,0.2,0.1,0.02,0.01,0.1,0.02,0.01,j,0.2,0.1,0.02,0.01,0.1,0.02,0.01,g,h,0.2,0.02,0.01,g,0.2,0.02,0.01,d,g,0.2,0.1,0.02,0.01,0.1,0.02,0.01,a,h,0.2,0.02,0.01,h,0.2,0.02,0.01,l,0.2,0.02,0.01,a,l,0.2,0.02,0.01,e,l,0.2,0.02,0.01,l,0.2,0.02,0.01,e,g,i,0.2,0.1,0.02,0.01,0.1,0.02,0.01,b,i,0.2,0.02,0.01,h,0.2,0.02,0.01,j,0.2,0.02,0.01,b,0.2,0.02,0.01,e,0.2,0.1,0.02,0.01,0.1,0.02,0.01,f,g,i,0.2,0.02,0.01,i,0.2,0.02,0.01,c,i,0.2,0.02,0.01,h,i,0.2,0.02,0.01,j,0.2,0.02,0.01,c,0.2,0.02,0.01,e,h,0.2,0.02,0.01,h,0.2,0.1,0.02,0.01,0.2,0.1,0.02,0.01,0.2,0.1,0.02,0.01,0.1,0.02,0.01,0.02,0.01,o,0.2,0.02,0.01,n,0.2,0.02,0.01,h,l,0.2,0.02,0.01,j,0.2,0.1,0.02,0.01,0.2,0.1,0.02,0.01,0.2,0.1,0.02,0.01,0.2,0.1,0.02,0.01,0.2,0.02,0.01,0.02,0.01,0.02,0.01,h,0.2,0.02,0.01,g,0.2,0.02,0.01,d,g,0.2,0.1,0.02,0.01,0.1,0.02,0.01,a,0.2,0.02,0.01,h,0.2,0.02,0.01,l,0.2,0.02,0.01,a,l,0.2,0.02,0.01,e,l,0.2,0.02,0.01,l,0.2,0.02,0.01,e,g,i,0.2,0.1,0.02,0.01,0.1,0.02,0.01,b,i,0.2,0.02,0.01,h,0.2,0.02,0.01,j,0.2,0.02,0.01,b,0.2,0.02,0.01,e,0.2,0.1,0.02,0.01,0.1,0.02,0.01,f,g,0.2,0.1,0.02,0.01,0.1,0.02,0.01,c,0.2,0.02,0.01,h,i,0.2,0.02,0.01,l,0.2,0.02,0.01,c,l,0.2,0.02,0.01,e,l,0.2,0.02,0.01,l,0.2,0.02,0.01,i,0.2,0.1,0.02,0.01,0.1,0.02,0.01,i,0.2,0.1,0.02,0.01,0.1,0.02,0.01,j,0.2,0.1,0.02,0.01,0.1,0.02,0.01,h,0.2,0.02,0.01,g,0.2,0.02,0.01,d,g,0.2,0.1,0.02,0.01,0.1,0.02,0.01,a,i,0.2,0.02,0.01,h,i,0.2,0.02,0.01,l,0.2,0.02,0.01,a,l,0.2,0.02,0.01,e,l,0.2,0.02,0.01,l,0.2,0.02,0.01,e,g,i,0.2,0.1,0.02,0.01,0.1,0.02,0.01,b,i,0.2,0.02,0.01,h,0.2,0.02,0.01,j,0.2,0.02,0.01,b,0.2,0.02,0.01,e,0.2,0.1,0.02,0.01,0.1,0.02,0.01,f,g,i,0.2,0.1,0.02,0.01,0.1,0.02,0.01,c,i,0.2,0.02,0.01,h,i,0.2,0.1,0.02,0.01,0.1,0.02,0.01,c,h,0.2,0.02,0.01,e,h,0.2,0.1,0.02,0.01,0.1,0.02,0.01,i,0.2,0.1,0.02,0.01,0.1,0.02,0.01,i,0.2,0.02,0.01,i,0.2,0.02,0.01,g,0.2,0.02,0.01,h,0.2,0.02,0.01,h,0.2,0.02,0.01,i,0.2,0.02,0.01,d,g,0.2,0.1,0.02,0.01,0.1,0.02,0.01,a,h,0.2,0.02,0.01,h,0.2,0.02,0.01,l,0.2,0.02,0.01,a,l,0.2,0.02,0.01,e,l,0.2,0.02,0.01,l,0.2,0.02,0.01,e,g,i,0.2,0.02,0.01,i,0.2,0.02,0.01,b,i,0.2,0.02,0.01,h,0.2,0.02,0.01,j,0.2,0.02,0.01,b,0.2,0.02,0.01,e,0.2,0.1,0.02,0.01,0.1,0.02,0.01,f,g,0.2,0.1,0.02,0.01,0.1,0.02,0.01,c,h,0.2,0.02,0.01,h,0.2,0.02,0.01,l,0.2,0.02,0.01,c,l,0.2,0.02,0.01,e,l,0.2,0.02,0.01,l,0.2,0.02,0.01,i,0.2,0.1,0.02,0.01,0.1,0.02,0.01,i,0.2,0.1,0.02,0.01,0.1,0.02,0.01,j,0.2,0.1,0.02,0.01,0.1,0.02,0.01,g,h,0.2,0.02,0.01,g,0.2,0.02,0.01,d,g,0.2,0.1,0.02,0.01,0.1,0.02,0.01,a,h,0.2,0.02,0.01,h,0.2,0.02,0.01,l,0.2,0.02,0.01,a,l,0.2,0.02,0.01,e,l,0.2,0.02,0.01,l,0.2,0.02,0.01,e,g,i,0.2,0.1,0.02,0.01,0.1,0.02,0.01,b,i,0.2,0.02,0.01,h,0.2,0.02,0.01,j,0.2,0.02,0.01,b,0.2,0.02,0.01,e,0.2,0.1,0.02,0.01,0.1,0.02,0.01,f,g,i,0.2,0.02,0.01,i,0.2,0.02,0.01,c,i,0.2,0.02,0.01,h,i,0.2,0.02,0.01,j,0.2,0.02,0.01,c,0.2,0.02,0.01,e,h,0.2,0.02,0.01,h,0.2,0.1,0.02,0.01,0.2,0.1,0.02,0.01,0.2,0.1,0.02,0.01,0.1,0.02,0.01,0.02,0.01,o,0.2,0.02,0.01,n,0.2,0.02,0.01,h,l,0.2,0.02,0.01,j,0.2,0.02,0.01,d,g,h,0.2,0.1,0.02,0.01,0.1,0.02,0.01,a,0.2,0.02,0.01,h,0.2,0.02,0.01,o,0.2,0.02,0.01,a,0.2,0.02,0.01,e,0.2,0.1,0.02,0.01,0.1,0.02,0.01,e,g,n,0.2,0.1,0.02,0.01,0.1,0.02,0.01,b,m,0.2,0.02,0.01,h,0.2,0.02,0.01,l,0.2,0.02,0.01,b,0.2,0.02,0.01,e,i,0.2,0.1,0.02,0.01,0.1,0.02,0.01,f,g,h,0.2,0.1,0.02,0.01,0.1,0.02,0.01,c,h,0.2,0.02,0.01,h,0.2,0.02,0.01,o,0.2,0.02,0.01,c,0.2,0.02,0.01,e,o,0.2,0.1,0.02,0.01,0.1,0.02,0.01,n,0.2,0.1,0.02,0.01,0.1,0.02,0.01,m,0.2,0.1,0.02,0.01,0.1,0.02,0.01,l,0.2,0.1,0.02,0.01,0.1,0.02,0.01,h,i,0.2,0.02,0.01,g,0.2,0.02,0.01,d,g,h,0.2,0.1,0.02,0.01,0.1,0.02,0.01,a,h,0.2,0.02,0.01,h,0.2,0.02,0.01,o,0.2,0.02,0.01,a,0.2,0.02,0.01,e,o,0.2,0.1,0.02,0.01,0.1,0.02,0.01,e,g,n,0.2,0.1,0.02,0.01,0.1,0.02,0.01,b,m,0.2,0.02,0.01,h,0.2,0.02,0.01,l,0.2,0.02,0.01,b,0.2,0.02,0.01,e,0.2,0.02,0.01,i,0.2,0.02,0.01,f,g,h,0.2,0.1,0.02,0.01,0.1,0.02,0.01,c,h,0.2,0.02,0.01,h,0.2,0.02,0.01,l,0.2,0.02,0.01,c,0.2,0.02,0.01,e,j,0.2,0.1,0.02,0.01,0.2,0.1,0.02,0.01,0.2,0.1,0.02,0.01,0.2,0.1,0.02,0.01,0.02,0.01,0.02,0.01,g,0.2,0.1,0.02,0.01,0.1,0.02,0.01,h,i,0.2,0.02,0.01,i,0.2,0.02,0.01,d,g,h,0.2,0.1,0.02,0.01,0.1,0.02,0.01,a,h,0.2,0.02,0.01,h,0.2,0.02,0.01,o,0.2,0.02,0.01,a,0.2,0.02,0.01,e,o,0.2,0.1,0.02,0.01,0.1,0.02,0.01,e,g,n,0.2,0.1,0.02,0.01,0.1,0.02,0.01,b,m,0.2,0.02,0.01,h,0.2,0.02,0.01,l,0.2,0.02,0.01,b,0.2,0.02,0.01,e,i,0.2,0.1,0.02,0.01,0.1,0.02,0.01,f,g,h,0.2,0.1,0.02,0.01,0.1,0.02,0.01,c,h,0.2,0.02,0.01,h,0.2,0.02,0.01,o,0.2,0.02,0.01,c,0.2,0.02,0.01,e,o,0.2,0.1,0.02,0.01,0.1,0.02,0.01,n,0.2,0.1,0.02,0.01,0.1,0.02,0.01,m,0.2,0.1,0.02,0.01,0.1,0.02,0.01,l,0.2,0.1,0.02,0.01,0.1,0.02,0.01,h,i,0.2,0.02,0.01,g,0.2,0.02,0.01,d,g,h,0.2,0.1,0.02,0.01,0.1,0.02,0.01,a,h,0.2,0.02,0.01,h,0.2,0.02,0.01,o,0.2,0.02,0.01,a,0.2,0.02,0.01,e,o,0.2,0.1,0.02,0.01,0.1,0.02,0.01,e,g,n,0.2,0.1,0.02,0.01,0.1,0.02,0.01,b,m,0.2,0.02,0.01,h,0.2,0.02,0.01,l,0.2,0.02,0.01,b,0.2,0.02,0.01,e,0.2,0.1,0.02,0.01,0.1,0.02,0.01,f,g,i,0.2,0.1,0.02,0.01,0.1,0.02,0.01,c,i,0.2,0.02,0.01,h,0.2,0.02,0.01,j,0.2,0.02,0.01,c,0.2,0.02,0.01,e,h,0.2,0.1,0.02,0.01,0.2,0.1,0.02,0.01,0.2,0.1,0.02,0.01,0.2,0.1,0.02,0.01,0.02,0.01,0.02,0.01,o,0.2,0.02,0.01,n,0.2,0.02,0.01,l,0.2,0.02,0.01,j,0.01,0.01,0.01,0.01,









