b,0.2,0.01,0.01,0.01,c,0.2,0.01,0.01,0.01,e,0.2,0.01,0.01,0.01,f,0.2,0.01,0.01,0.01,c,e,h,0.2,0.1,0.02,0.01,0.2,0.1,0.02,0.01,0.1,0.02,0.01,0.02,0.01,0.01,0.01,0.01,0.01,0.01,c,e,h,0.2,0.1,0.02,0.01,0.2,0.02,0.01,0.02,0.01,0.02,0.01,0.01,0.01,0.01,0.01,j,0.2,0.01,0.01,0.01,c,e,i,0.2,0.1,0.02,0.01,0.02,0.01,0.02,0.01,0.02,0.01,h,0.2,0.1,0.02,0.01,0.02,0.01,0.02,0.01,0.02,0.01,c,e,0.2,0.01,0.01,0.01,f,0.2,0.01,0.01,0.01,h,0.2,0.01,0.01,0.01,f,0.2,0.01,0.01,0.01,a,c,e,0.2,0.1,0.02,0.01,0.2,0.02,0.01,0.02,0.01,0.02,0.01,0.01,0.01,0.01,0.01,f,0.2,0.01,0.01,0.01,c,e,h,0.2,0.1,0.02,0.01,0.02,0.01,0.02,0.01,0.02,0.01,i,0.2,0.1,0.02,0.01,0.02,0.01,0.02,0.01,0.02,0.01,e,h,j,0.2,0.1,0.02,0.01,0.2,0.1,0.02,0.01,0.1,0.02,0.01,0.02,0.01,0.01,0.01,0.01,0.01,0.01,b,0.2,0.01,0.01,0.01,c,0.2,0.01,0.01,0.01,e,0.2,0.01,0.01,0.01,f,0.2,0.01,0.01,0.01,c,e,h,0.2,0.1,0.02,0.01,0.2,0.1,0.02,0.01,0.1,0.02,0.01,0.02,0.01,0.01,0.01,0.01,0.01,0.01,c,e,h,0.2,0.1,0.02,0.01,0.2,0.02,0.01,0.02,0.01,0.02,0.01,0.01,0.01,0.01,0.01,j,0.2,0.01,0.01,0.01,c,e,i,0.2,0.1,0.02,0.01,0.02,0.01,0.02,0.01,0.02,0.01,h,0.2,0.1,0.02,0.01,0.02,0.01,0.02,0.01,0.02,0.01,c,e,h,0.2,0.1,0.02,0.01,0.02,0.01,0.02,0.01,0.02,0.01,f,0.2,0.1,0.02,0.01,0.02,0.01,0.02,0.01,0.02,0.01,e,g,i,0.2,0.1,0.02,0.01,0.2,0.1,0.02,0.01,0.1,0.02,0.01,0.02,0.01,0.01,0.01,0.01,0.01,0.01,e,g,0.2,0.1,0.02,0.01,0.2,0.1,0.02,0.01,0.1,0.02,0.01,0.02,0.01,0.01,0.01,0.01,0.01,0.01,e,g,0.2,0.1,0.02,0.01,0.2,0.1,0.02,0.01,0.1,0.02,0.01,0.02,0.01,0.01,0.01,0.01,0.01,0.01,e,g,0.2,0.1,0.02,0.01,0.02,0.01,0.02,0.01,0.02,0.01,e,0.2,0.1,0.02,0.01,0.02,0.01,0.02,0.01,0.02,0.01,d,f,h,0.2,0.1,0.02,0.01,0.2,0.1,0.02,0.01,0.1,0.02,0.01,0.02,0.01,0.01,0.01,0.01,0.01,0.01,c,e,g,0.2,0.1,0.02,0.01,0.02,0.01,0.02,0.01,0.02,0.01,h,0.2,0.01,0.01,0.01,h,0.2,0.01,0.01,0.01,b,d,0.2,0.1,0.02,0.01,0.2,0.1,0.02,0.01,0.1,0.02,0.01,0.02,0.01,0.01,0.01,0.01,0.01,0.01,b,d,0.2,0.1,0.02,0.01,0.02,0.01,0.02,0.01,0.02,0.01,h,0.2,0.1,0.02,0.01,0.02,0.01,0.02,0.01,0.02,0.01,c,e,h,0.2,0.1,0.02,0.01,0.02,0.01,0.02,0.01,0.02,0.01,g,0.2,0.1,0.02,0.01,0.02,0.01,0.02,0.01,0.02,0.01,a,c,f,0.2,0.1,0.02,0.01,0.02,0.01,0.02,0.01,0.02,0.01,g,0.2,0.01,0.01,0.01,f,0.2,0.01,0.01,0.01,a,c,0.2,0.1,0.02,0.01,0.02,0.01,0.02,0.01,0.02,0.01,e,0.2,0.1,0.02,0.01,0.02,0.01,0.02,0.01,0.02,0.01,a,c,0.2,0.1,0.02,0.01,0.02,0.01,0.02,0.01,0.02,0.01,e,0.2,0.1,0.02,0.01,0.02,0.01,0.02,0.01,0.02,0.01,a,e,0.2,0.1,0.02,0.01,0.2,0.1,0.02,0.01,0.1,0.02,0.01,0.02,0.01,0.01,0.01,0.01,0.01,0.01,a,d,0.2,0.1,0.02,0.01,0.02,0.01,0.02,0.01,0.02,0.01,c,0.2,0.01,0.01,0.01,e,0.2,0.01,0.01,0.01,a,c,0.2,0.1,0.02,0.01,0.2,0.1,0.02,0.01,0.1,0.02,0.01,0.02,0.01,0.01,0.01,0.01,0.01,0.01,a,c,0.2,0.1,0.02,0.01,0.02,0.01,0.02,0.01,0.02,0.01,e,0.2,0.1,0.02,0.01,0.02,0.01,0.02,0.01,0.02,0.01,a,c,e,0.2,0.1,0.02,0.01,0.02,0.01,0.02,0.01,0.02,0.01,f,0.2,0.1,0.02,0.01,0.02,0.01,0.02,0.01,0.02,0.01,b,0.2,0.1,0.02,0.01,0.02,0.01,0.02,0.01,0.02,0.01,d,0.2,0.01,0.01,0.01,d,0.2,0.01,0.01,0.01,a,0.2,0.1,0.02,0.01,0.02,0.01,0.02,0.01,0.02,0.01,c,0.2,0.1,0.02,0.01,0.02,0.01,0.02,0.01,0.02,0.01,a,0.2,0.1,0.02,0.01,0.02,0.01,0.02,0.01,0.02,0.01,e,0.2,0.1,0.02,0.01,0.02,0.01,0.02,0.01,0.02,0.01,d,f,h,0.2,0.1,0.02,0.01,0.2,0.1,0.02,0.01,0.1,0.02,0.01,0.02,0.01,0.01,0.01,0.01,0.01,0.01,c,e,g,0.2,0.1,0.02,0.01,0.02,0.01,0.02,0.01,0.02,0.01,h,0.2,0.01,0.01,0.01,h,0.2,0.01,0.01,0.01,b,d,0.2,0.1,0.02,0.01,0.2,0.1,0.02,0.01,0.1,0.02,0.01,0.02,0.01,0.01,0.01,0.01,0.01,0.01,b,d,0.2,0.1,0.02,0.01,0.02,0.01,0.02,0.01,0.02,0.01,h,0.2,0.1,0.02,0.01,0.02,0.01,0.02,0.01,0.02,0.01,c,e,h,0.2,0.1,0.02,0.01,0.02,0.01,0.02,0.01,0.02,0.01,g,0.2,0.1,0.02,0.01,0.02,0.01,0.02,0.01,0.02,0.01,c,e,h,0.2,0.1,0.02,0.01,0.02,0.01,0.02,0.01,0.02,0.01,i,0.2,0.01,0.01,0.01,i,0.2,0.01,0.01,0.01,c,e,0.2,0.1,0.02,0.01,0.02,0.01,0.02,0.01,0.02,0.01,h,0.2,0.1,0.02,0.01,0.02,0.01,0.02,0.01,0.02,0.01,c,e,h,0.2,0.1,0.02,0.01,0.02,0.01,0.02,0.01,0.02,0.01,g,0.2,0.1,0.02,0.01,0.02,0.01,0.02,0.01,0.02,0.01,d,f,h,0.2,0.1,0.02,0.01,0.02,0.01,0.02,0.01,0.02,0.01,h,0.2,0.01,0.01,0.01,h,0.2,0.01,0.01,0.01,d,f,0.2,0.1,0.02,0.01,0.02,0.01,0.02,0.01,0.02,0.01,g,0.2,0.1,0.02,0.01,0.02,0.01,0.02,0.01,0.02,0.01,b,d,g,0.2,0.1,0.02,0.01,0.02,0.01,0.02,0.01,0.02,0.01,f,0.2,0.1,0.02,0.01,0.02,0.01,0.02,0.01,0.02,0.01,b,d,f,0.2,0.1,0.02,0.01,0.02,0.01,0.02,0.01,0.02,0.01,g,0.2,0.01,0.01,0.01,f,0.2,0.01,0.01,0.01,a,c,0.2,0.1,0.02,0.01,0.02,0.01,0.02,0.01,0.02,0.01,e,0.2,0.1,0.02,0.01,0.02,0.01,0.02,0.01,0.02,0.01,a,c,0.2,0.1,0.02,0.01,0.2,0.1,0.02,0.01,0.1,0.02,0.01,0.02,0.01,0.01,0.01,0.01,0.01,0.01,a,c,0.2,0.1,0.02,0.01,0.2,0.1,0.02,0.01,0.1,0.02,0.01,0.02,0.01,0.01,0.01,0.01,0.01,0.01,a,c,e,0.2,0.1,0.02,0.01,0.02,0.01,0.02,0.01,0.02,0.01,h,0.2,0.1,0.02,0.01,0.02,0.01,0.02,0.01,0.02,0.01,c,e,h,0.2,0.1,0.02,0.01,0.2,0.1,0.02,0.01,0.1,0.02,0.01,0.02,0.01,0.01,0.01,0.01,0.01,0.01,a,c,0.2,0.1,0.02,0.01,0.02,0.01,0.02,0.01,0.02,0.01,f,0.2,0.1,0.02,0.01,0.02,0.01,0.02,0.01,0.02,0.01,b,d,f,0.2,0.1,0.02,0.01,0.2,0.1,0.02,0.01,0.1,0.02,0.01,0.02,0.01,0.01,0.01,0.01,0.01,0.01,a,c,e,0.2,0.1,0.02,0.01,0.02,0.01,0.02,0.01,0.02,0.01,i,0.2,0.1,0.02,0.01,0.02,0.01,0.02,0.01,0.02,0.01,e,g,i,0.2,0.1,0.02,0.01,0.2,0.1,0.02,0.01,0.1,0.02,0.01,0.02,0.01,0.01,0.01,0.01,0.01,0.01,b,0.2,0.1,0.02,0.01,0.02,0.01,0.02,0.01,0.02,0.01,d,0.2,0.01,0.01,0.01,d,0.2,0.01,0.01,0.01,a,0.2,0.1,0.02,0.01,0.02,0.01,0.02,0.01,0.02,0.01,c,0.2,0.1,0.02,0.01,0.02,0.01,0.02,0.01,0.02,0.01,a,0.2,0.1,0.02,0.01,0.02,0.01,0.02,0.01,0.02,0.01,e,0.2,0.1,0.02,0.01,0.02,0.01,0.02,0.01,0.02,0.01,a,c,e,0.2,0.1,0.02,0.01,0.02,0.01,0.02,0.01,0.02,0.01,d,0.2,0.1,0.02,0.01,0.02,0.01,0.02,0.01,0.02,0.01,a,d,0.2,0.1,0.02,0.01,0.02,0.01,0.02,0.01,0.02,0.01,c,0.2,0.01,0.01,0.01,c,0.2,0.01,0.01,0.01,a,0.2,0.1,0.02,0.01,0.02,0.01,0.02,0.01,0.02,0.01,b,0.2,0.1,0.02,0.01,0.02,0.01,0.02,0.01,0.02,0.01,b,0.2,0.1,0.02,0.01,0.02,0.01,0.02,0.01,0.02,0.01,a,0.2,0.1,0.02,0.01,0.02,0.01,0.02,0.01,0.02,0.01,a,c,0.2,0.1,0.02,0.01,0.02,0.01,0.02,0.01,0.02,0.01,b,0.2,0.1,0.02,0.01,0.02,0.01,0.02,0.01,0.02,0.01,a,0.2,0.1,0.02,0.01,0.02,0.01,0.02,0.01,0.02,0.01,d,0.2,0.1,0.02,0.01,0.02,0.01,0.02,0.01,0.02,0.01,a,c,0.2,0.1,0.02,0.01,0.2,0.1,0.02,0.01,0.1,0.02,0.01,0.02,0.01,0.01,0.01,0.01,0.01,0.01,a,c,e,0.2,0.1,0.02,0.01,0.02,0.01,0.02,0.01,0.02,0.01,h,0.2,0.1,0.02,0.01,0.02,0.01,0.02,0.01,0.02,0.01,d,f,h,0.2,0.1,0.02,0.01,0.2,0.1,0.02,0.01,0.1,0.02,0.01,0.02,0.01,0.01,0.01,0.01,0.01,0.01,a,c,0.2,0.1,0.02,0.01,0.02,0.01,0.02,0.01,0.02,0.01,f,0.2,0.1,0.02,0.01,0.02,0.01,0.02,0.01,0.02,0.01,b,d,f,0.2,0.1,0.02,0.01,0.02,0.01,0.02,0.01,0.02,0.01,e,0.2,0.1,0.02,0.01,0.02,0.01,0.02,0.01,0.02,0.01,a,c,e,0.2,0.1,0.02,0.01,0.02,0.01,0.02,0.01,0.02,0.01,i,0.2,0.1,0.02,0.01,0.02,0.01,0.02,0.01,0.02,0.01,e,g,i,0.2,0.1,0.02,0.01,0.02,0.01,0.02,0.01,0.02,0.01,b,0.2,0.1,0.02,0.01,0.02,0.01,0.02,0.01,0.02,0.01,b,0.2,0.1,0.02,0.01,0.02,0.01,0.02,0.01,0.02,0.01,d,0.2,0.1,0.02,0.01,0.02,0.01,0.02,0.01,0.02,0.01,a,c,0.2,0.1,0.02,0.01,0.02,0.01,0.02,0.01,0.02,0.01,e,0.2,0.1,0.02,0.01,0.02,0.01,0.02,0.01,0.02,0.01,a,c,e,0.2,0.1,0.02,0.01,0.02,0.01,0.02,0.01,0.02,0.01,j,0.2,0.1,0.02,0.01,0.02,0.01,0.02,0.01,0.02,0.01,f,h,j,0.2,0.1,0.02,0.01,0.02,0.01,0.02,0.01,0.02,0.01,i,0.2,0.1,0.02,0.01,0.02,0.01,0.02,0.01,0.02,0.01,d,f,i,0.2,0.1,0.02,0.01,0.02,0.01,0.02,0.01,0.02,0.01,h,0.2,0.1,0.02,0.01,0.02,0.01,0.02,0.01,0.02,0.01,d,f,h,0.2,0.1,0.02,0.01,0.02,0.01,0.02,0.01,0.02,0.01,i,0.2,0.1,0.02,0.01,0.02,0.01,0.02,0.01,0.02,0.01,d,f,h,0.2,0.1,0.02,0.01,0.02,0.01,0.02,0.01,0.02,0.01,j,0.2,0.1,0.02,0.01,0.02,0.01,0.02,0.01,0.02,0.01,e,g,j,0.2,0.1,0.02,0.01,0.2,0.1,0.02,0.01,0.1,0.02,0.01,0.02,0.01,0.01,0.01,0.01,0.01,0.01,c,e,i,0.2,0.1,0.02,0.01,0.2,0.1,0.02,0.01,0.1,0.02,0.01,0.02,0.01,0.01,0.01,0.01,0.01,0.01,a,c,0.2,0.1,0.02,0.01,0.02,0.01,0.02,0.01,0.02,0.01,e,0.2,0.1,0.02,0.01,0.02,0.01,0.02,0.01,0.02,0.01,c,e,h,0.2,0.1,0.02,0.01,0.02,0.01,0.02,0.01,0.02,0.01,h,0.2,0.01,0.01,0.01,h,0.2,0.01,0.01,0.01,c,e,0.2,0.1,0.02,0.01,0.2,0.1,0.02,0.01,0.1,0.02,0.01,0.02,0.01,0.01,0.01,0.01,0.01,0.01,c,e,0.2,0.1,0.02,0.01,0.02,0.01,0.02,0.01,0.02,0.01,h,0.2,0.1,0.02,0.01,0.02,0.01,0.02,0.01,0.02,0.01,c,e,h,0.2,0.1,0.02,0.01,0.02,0.01,0.02,0.01,0.02,0.01,g,0.2,0.1,0.02,0.01,0.02,0.01,0.02,0.01,0.02,0.01,a,c,f,0.2,0.1,0.02,0.01,0.02,0.01,0.02,0.01,0.02,0.01,e,0.2,0.1,0.02,0.01,0.02,0.01,0.02,0.01,0.02,0.01,c,e,g,0.2,0.1,0.02,0.01,0.02,0.01,0.02,0.01,0.02,0.01,h,0.2,0.1,0.02,0.01,0.02,0.01,0.02,0.01,0.02,0.01,e,g,i,0.2,0.1,0.02,0.01,0.2,0.02,0.01,0.02,0.01,0.02,0.01,0.01,0.01,0.01,0.01,h,0.2,0.01,0.01,0.01,c,e,0.2,0.1,0.02,0.01,0.02,0.01,0.02,0.01,0.02,0.01,e,0.2,0.1,0.02,0.01,0.02,0.01,0.02,0.01,0.02,0.01,c,e,g,0.2,0.1,0.02,0.01,0.02,0.01,0.02,0.01,0.02,0.01,h,0.2,0.01,0.01,0.01,h,0.2,0.01,0.01,0.01,c,e,0.2,0.1,0.02,0.01,0.2,0.1,0.02,0.01,0.1,0.02,0.01,0.02,0.01,0.01,0.01,0.01,0.01,0.01,c,e,0.2,0.1,0.02,0.01,0.02,0.01,0.02,0.01,0.02,0.01,h,0.2,0.1,0.02,0.01,0.02,0.01,0.02,0.01,0.02,0.01,d,f,h,0.2,0.1,0.02,0.01,0.02,0.01,0.02,0.01,0.02,0.01,g,0.2,0.1,0.02,0.01,0.02,0.01,0.02,0.01,0.02,0.01,b,d,f,0.2,0.1,0.02,0.01,0.02,0.01,0.02,0.01,0.02,0.01,e,0.2,0.1,0.02,0.01,0.02,0.01,0.02,0.01,0.02,0.01,e,g,i,0.2,0.1,0.02,0.01,0.02,0.01,0.02,0.01,0.02,0.01,j,0.2,0.1,0.02,0.01,0.02,0.01,0.02,0.01,0.02,0.01,e,g,k,0.2,0.1,0.02,0.01,0.02,0.01,0.02,0.01,0.02,0.01,j,0.2,0.01,0.01,0.01,j,0.2,0.01,0.01,0.01,a,c,0.2,0.1,0.02,0.01,0.02,0.01,0.02,0.01,0.02,0.01,e,0.2,0.1,0.02,0.01,0.02,0.01,0.02,0.01,0.02,0.01,c,e,g,0.2,0.1,0.02,0.01,0.02,0.01,0.02,0.01,0.02,0.01,h,0.2,0.01,0.01,0.01,h,0.2,0.01,0.01,0.01,c,e,0.2,0.1,0.02,0.01,0.2,0.1,0.02,0.01,0.1,0.02,0.01,0.02,0.01,0.01,0.01,0.01,0.01,0.01,c,e,0.2,0.1,0.02,0.01,0.02,0.01,0.02,0.01,0.02,0.01,h,0.2,0.1,0.02,0.01,0.02,0.01,0.02,0.01,0.02,0.01,c,e,h,0.2,0.1,0.02,0.01,0.02,0.01,0.02,0.01,0.02,0.01,g,0.2,0.1,0.02,0.01,0.02,0.01,0.02,0.01,0.02,0.01,a,c,f,0.2,0.1,0.02,0.01,0.02,0.01,0.02,0.01,0.02,0.01,e,0.2,0.1,0.02,0.01,0.02,0.01,0.02,0.01,0.02,0.01,e,g,i,0.2,0.1,0.02,0.01,0.02,0.01,0.02,0.01,0.02,0.01,h,0.2,0.1,0.02,0.01,0.02,0.01,0.02,0.01,0.02,0.01,c,e,g,0.2,0.1,0.02,0.01,0.02,0.01,0.02,0.01,0.02,0.01,h,0.2,0.01,0.01,0.01,h,0.2,0.01,0.01,0.01,c,e,0.2,0.1,0.02,0.01,0.2,0.1,0.02,0.01,0.1,0.02,0.01,0.02,0.01,0.01,0.01,0.01,0.01,0.01,c,e,0.2,0.1,0.02,0.01,0.02,0.01,0.02,0.01,0.02,0.01,h,0.2,0.1,0.02,0.01,0.02,0.01,0.02,0.01,0.02,0.01,c,e,h,0.2,0.1,0.02,0.01,0.02,0.01,0.02,0.01,0.02,0.01,j,0.2,0.1,0.02,0.01,0.02,0.01,0.02,0.01,0.02,0.01,e,g,i,0.2,0.1,0.02,0.01,0.02,0.01,0.02,0.01,0.02,0.01,h,0.2,0.1,0.02,0.01,0.02,0.01,0.02,0.01,0.02,0.01,c,e,h,0.2,0.1,0.02,0.01,0.02,0.01,0.02,0.01,0.02,0.01,g,0.2,0.1,0.02,0.01,0.02,0.01,0.02,0.01,0.02,0.01,e,g,i,0.2,0.1,0.02,0.01,0.02,0.01,0.02,0.01,0.02,0.01,h,0.2,0.01,0.01,0.01,h,0.2,0.01,0.01,0.01,c,e,0.2,0.1,0.02,0.01,0.2,0.1,0.02,0.01,0.1,0.02,0.01,0.02,0.01,0.01,0.01,0.01,0.01,0.01,c,e,0.2,0.1,0.02,0.01,0.2,0.1,0.02,0.01,0.1,0.02,0.01,0.02,0.01,0.01,0.01,0.01,0.01,0.01,a,c,0.2,0.1,0.02,0.01,0.02,0.01,0.02,0.01,0.02,0.01,e,0.2,0.1,0.02,0.01,0.02,0.01,0.02,0.01,0.02,0.01,c,e,g,0.2,0.1,0.02,0.01,0.02,0.01,0.02,0.01,0.02,0.01,h,0.2,0.01,0.01,0.01,h,0.2,0.01,0.01,0.01,c,e,0.2,0.1,0.02,0.01,0.2,0.1,0.02,0.01,0.1,0.02,0.01,0.02,0.01,0.01,0.01,0.01,0.01,0.01,c,e,0.2,0.1,0.02,0.01,0.02,0.01,0.02,0.01,0.02,0.01,h,0.2,0.1,0.02,0.01,0.02,0.01,0.02,0.01,0.02,0.01,c,e,h,0.2,0.1,0.02,0.01,0.02,0.01,0.02,0.01,0.02,0.01,g,0.2,0.1,0.02,0.01,0.02,0.01,0.02,0.01,0.02,0.01,a,c,f,0.2,0.1,0.02,0.01,0.02,0.01,0.02,0.01,0.02,0.01,e,0.2,0.1,0.02,0.01,0.02,0.01,0.02,0.01,0.02,0.01,c,e,g,0.2,0.1,0.02,0.01,0.02,0.01,0.02,0.01,0.02,0.01,h,0.2,0.1,0.02,0.01,0.02,0.01,0.02,0.01,0.02,0.01,e,g,i,0.2,0.1,0.02,0.01,0.02,0.01,0.02,0.01,0.02,0.01,h,0.2,0.01,0.01,0.01,h,0.2,0.01,0.01,0.01,c,e,0.2,0.1,0.02,0.01,0.02,0.01,0.02,0.01,0.02,0.01,e,0.2,0.1,0.02,0.01,0.02,0.01,0.02,0.01,0.02,0.01,c,e,g,0.2,0.1,0.02,0.01,0.02,0.01,0.02,0.01,0.02,0.01,h,0.2,0.01,0.01,0.01,h,0.2,0.01,0.01,0.01,c,e,0.2,0.1,0.02,0.01,0.2,0.1,0.02,0.01,0.1,0.02,0.01,0.02,0.01,0.01,0.01,0.01,0.01,0.01,c,e,0.2,0.1,0.02,0.01,0.02,0.01,0.02,0.01,0.02,0.01,h,0.2,0.1,0.02,0.01,0.02,0.01,0.02,0.01,0.02,0.01,d,f,h,0.2,0.1,0.02,0.01,0.02,0.01,0.02,0.01,0.02,0.01,g,0.2,0.1,0.02,0.01,0.02,0.01,0.02,0.01,0.02,0.01,b,d,f,0.2,0.1,0.02,0.01,0.02,0.01,0.02,0.01,0.02,0.01,e,0.2,0.1,0.02,0.01,0.02,0.01,0.02,0.01,0.02,0.01,e,g,i,0.2,0.1,0.02,0.01,0.02,0.01,0.02,0.01,0.02,0.01,j,0.2,0.1,0.02,0.01,0.02,0.01,0.02,0.01,0.02,0.01,e,g,k,0.2,0.1,0.02,0.01,0.02,0.01,0.02,0.01,0.02,0.01,j,0.2,0.01,0.01,0.01,j,0.2,0.01,0.01,0.01,a,c,0.2,0.1,0.02,0.01,0.02,0.01,0.02,0.01,0.02,0.01,e,0.2,0.1,0.02,0.01,0.02,0.01,0.02,0.01,0.02,0.01,c,e,g,0.2,0.1,0.02,0.01,0.02,0.01,0.02,0.01,0.02,0.01,h,0.2,0.01,0.01,0.01,h,0.2,0.01,0.01,0.01,c,e,0.2,0.1,0.02,0.01,0.2,0.1,0.02,0.01,0.1,0.02,0.01,0.02,0.01,0.01,0.01,0.01,0.01,0.01,c,e,0.2,0.1,0.02,0.01,0.02,0.01,0.02,0.01,0.02,0.01,h,0.2,0.1,0.02,0.01,0.02,0.01,0.02,0.01,0.02,0.01,c,e,h,0.2,0.1,0.02,0.01,0.02,0.01,0.02,0.01,0.02,0.01,g,0.2,0.1,0.02,0.01,0.02,0.01,0.02,0.01,0.02,0.01,a,c,f,0.2,0.1,0.02,0.01,0.02,0.01,0.02,0.01,0.02,0.01,e,0.2,0.1,0.02,0.01,0.02,0.01,0.02,0.01,0.02,0.01,e,g,i,0.2,0.1,0.02,0.01,0.02,0.01,0.02,0.01,0.02,0.01,h,0.2,0.1,0.02,0.01,0.02,0.01,0.02,0.01,0.02,0.01,c,e,g,0.2,0.1,0.02,0.01,0.02,0.01,0.02,0.01,0.02,0.01,h,0.2,0.01,0.01,0.01,h,0.2,0.01,0.01,0.01,c,e,0.2,0.1,0.02,0.01,0.2,0.1,0.02,0.01,0.1,0.02,0.01,0.02,0.01,0.01,0.01,0.01,0.01,0.01,c,e,0.2,0.1,0.02,0.01,0.02,0.01,0.02,0.01,0.02,0.01,h,0.2,0.1,0.02,0.01,0.02,0.01,0.02,0.01,0.02,0.01,c,e,h,0.2,0.1,0.02,0.01,0.02,0.01,0.02,0.01,0.02,0.01,j,0.2,0.1,0.02,0.01,0.02,0.01,0.02,0.01,0.02,0.01,e,g,i,0.2,0.1,0.02,0.01,0.02,0.01,0.02,0.01,0.02,0.01,h,0.2,0.1,0.02,0.01,0.02,0.01,0.02,0.01,0.02,0.01,c,e,h,0.2,0.1,0.02,0.01,0.02,0.01,0.02,0.01,0.02,0.01,g,0.2,0.1,0.02,0.01,0.02,0.01,0.02,0.01,0.02,0.01,e,g,i,0.2,0.1,0.02,0.01,0.02,0.01,0.02,0.01,0.02,0.01,h,0.2,0.01,0.01,0.01,h,0.2,0.01,0.01,0.01,c,e,0.2,0.1,0.02,0.01,0.2,0.1,0.02,0.01,0.1,0.02,0.01,0.02,0.01,0.01,0.01,0.01,0.01,0.01,c,e,0.2,0.1,0.02,0.01,0.2,0.1,0.02,0.01,0.1,0.02,0.01,0.02,0.01,0.01,0.01,0.01,0.01,0.01,c,e,0.2,0.1,0.02,0.01,0.2,0.1,0.02,0.01,0.2,0.1,0.02,0.01,0.2,0.1,0.02,0.01,0.2,0.1,0.02,0.01,0.01,0.01,0.01,0.01,0.01,h,j,0.2,0.1,0.02,0.01,0.02,0.01,0.02,0.01,0.02,0.01,f,0.2,0.1,0.02,0.01,0.02,0.01,0.02,0.01,0.02,0.01,j,0.2,0.1,0.02,0.01,0.02,0.01,0.02,0.01,0.02,0.01,i,0.2,0.1,0.02,0.01,0.02,0.01,0.02,0.01,0.02,0.01,h,j,0.2,0.1,0.02,0.01,0.02,0.01,0.02,0.01,0.02,0.01,f,0.2,0.1,0.02,0.01,0.02,0.01,0.02,0.01,0.02,0.01,j,0.2,0.1,0.02,0.01,0.02,0.01,0.02,0.01,0.02,0.01,i,0.2,0.1,0.02,0.01,0.02,0.01,0.02,0.01,0.02,0.01,h,j,0.2,0.1,0.02,0.01,0.02,0.01,0.02,0.01,0.02,0.01,f,0.2,0.1,0.02,0.01,0.02,0.01,0.02,0.01,0.02,0.01,m,0.2,0.1,0.02,0.01,0.02,0.01,0.02,0.01,0.02,0.01,i,0.2,0.1,0.02,0.01,0.02,0.01,0.02,0.01,0.02,0.01,h,j,0.2,0.1,0.02,0.01,0.02,0.01,0.02,0.01,0.02,0.01,f,0.2,0.1,0.02,0.01,0.02,0.01,0.02,0.01,0.02,0.01,m,0.2,0.1,0.02,0.01,0.02,0.01,0.02,0.01,0.02,0.01,i,0.2,0.1,0.02,0.01,0.02,0.01,0.02,0.01,0.02,0.01,h,j,0.2,0.1,0.02,0.01,0.02,0.01,0.02,0.01,0.02,0.01,f,0.2,0.1,0.02,0.01,0.02,0.01,0.02,0.01,0.02,0.01,j,0.2,0.1,0.02,0.01,0.02,0.01,0.02,0.01,0.02,0.01,i,0.2,0.1,0.02,0.01,0.02,0.01,0.02,0.01,0.02,0.01,h,j,0.2,0.1,0.02,0.01,0.02,0.01,0.02,0.01,0.02,0.01,f,0.2,0.1,0.02,0.01,0.02,0.01,0.02,0.01,0.02,0.01,j,0.2,0.1,0.02,0.01,0.02,0.01,0.02,0.01,0.02,0.01,i,0.2,0.1,0.02,0.01,0.02,0.01,0.02,0.01,0.02,0.01,h,j,0.2,0.1,0.02,0.01,0.02,0.01,0.02,0.01,0.02,0.01,f,0.2,0.1,0.02,0.01,0.02,0.01,0.02,0.01,0.02,0.01,m,0.2,0.1,0.02,0.01,0.02,0.01,0.02,0.01,0.02,0.01,i,0.2,0.1,0.02,0.01,0.02,0.01,0.02,0.01,0.02,0.01,h,j,0.2,0.1,0.02,0.01,0.02,0.01,0.02,0.01,0.02,0.01,f,0.2,0.1,0.02,0.01,0.02,0.01,0.02,0.01,0.02,0.01,m,0.2,0.1,0.02,0.01,0.02,0.01,0.02,0.01,0.02,0.01,i,0.2,0.1,0.02,0.01,0.02,0.01,0.02,0.01,0.02,0.01,h,j,0.2,0.1,0.02,0.01,0.02,0.01,0.02,0.01,0.02,0.01,f,0.2,0.1,0.02,0.01,0.02,0.01,0.02,0.01,0.02,0.01,j,0.2,0.1,0.02,0.01,0.02,0.01,0.02,0.01,0.02,0.01,i,0.2,0.1,0.02,0.01,0.02,0.01,0.02,0.01,0.02,0.01,h,j,0.2,0.1,0.02,0.01,0.02,0.01,0.02,0.01,0.02,0.01,f,0.2,0.1,0.02,0.01,0.02,0.01,0.02,0.01,0.02,0.01,j,0.2,0.1,0.02,0.01,0.02,0.01,0.02,0.01,0.02,0.01,i,0.2,0.1,0.02,0.01,0.02,0.01,0.02,0.01,0.02,0.01,h,j,0.2,0.1,0.02,0.01,0.02,0.01,0.02,0.01,0.02,0.01,f,0.2,0.1,0.02,0.01,0.02,0.01,0.02,0.01,0.02,0.01,m,0.2,0.1,0.02,0.01,0.02,0.01,0.02,0.01,0.02,0.01,i,0.2,0.1,0.02,0.01,0.02,0.01,0.02,0.01,0.02,0.01,h,j,0.2,0.1,0.02,0.01,0.02,0.01,0.02,0.01,0.02,0.01,f,0.2,0.1,0.02,0.01,0.02,0.01,0.02,0.01,0.02,0.01,m,0.2,0.1,0.02,0.01,0.02,0.01,0.02,0.01,0.02,0.01,i,0.2,0.1,0.02,0.01,0.02,0.01,0.02,0.01,0.02,0.01,h,j,0.2,0.1,0.02,0.01,0.02,0.01,0.02,0.01,0.02,0.01,f,0.2,0.1,0.02,0.01,0.02,0.01,0.02,0.01,0.02,0.01,j,0.2,0.1,0.02,0.01,0.02,0.01,0.02,0.01,0.02,0.01,i,0.2,0.1,0.02,0.01,0.02,0.01,0.02,0.01,0.02,0.01,h,j,0.2,0.1,0.02,0.01,0.02,0.01,0.02,0.01,0.02,0.01,f,0.2,0.1,0.02,0.01,0.02,0.01,0.02,0.01,0.02,0.01,j,0.2,0.1,0.02,0.01,0.02,0.01,0.02,0.01,0.02,0.01,i,0.2,0.1,0.02,0.01,0.02,0.01,0.02,0.01,0.02,0.01,h,j,0.2,0.1,0.02,0.01,0.02,0.01,0.02,0.01,0.02,0.01,f,0.2,0.1,0.02,0.01,0.02,0.01,0.02,0.01,0.02,0.01,m,0.2,0.1,0.02,0.01,0.02,0.01,0.02,0.01,0.02,0.01,i,0.2,0.1,0.02,0.01,0.02,0.01,0.02,0.01,0.02,0.01,h,j,0.2,0.1,0.02,0.01,0.02,0.01,0.02,0.01,0.02,0.01,f,0.2,0.1,0.02,0.01,0.02,0.01,0.02,0.01,0.02,0.01,m,0.2,0.1,0.02,0.01,0.02,0.01,0.02,0.01,0.02,0.01,i,0.2,0.1,0.02,0.01,0.02,0.01,0.02,0.01,0.02,0.01,a,c,0.2,0.1,0.02,0.01,0.02,0.01,0.02,0.01,0.02,0.01,a,c,0.2,0.1,0.02,0.01,0.02,0.01,0.02,0.01,0.02,0.01,a,c,0.2,0.1,0.02,0.01,0.02,0.01,0.02,0.01,0.02,0.01,a,c,0.2,0.1,0.02,0.01,0.02,0.01,0.02,0.01,0.02,0.01,a,c,0.2,0.1,0.02,0.01,0.02,0.01,0.02,0.01,0.02,0.01,e,0.2,0.1,0.02,0.01,0.02,0.01,0.02,0.01,0.02,0.01,c,e,h,0.2,0.1,0.02,0.01,0.02,0.01,0.02,0.01,0.02,0.01,h,0.2,0.01,0.01,0.01,h,0.2,0.01,0.01,0.01,c,e,0.2,0.1,0.02,0.01,0.2,0.1,0.02,0.01,0.1,0.02,0.01,0.02,0.01,0.01,0.01,0.01,0.01,0.01,c,e,0.2,0.1,0.02,0.01,0.02,0.01,0.02,0.01,0.02,0.01,h,0.2,0.1,0.02,0.01,0.02,0.01,0.02,0.01,0.02,0.01,c,e,h,0.2,0.1,0.02,0.01,0.02,0.01,0.02,0.01,0.02,0.01,g,0.2,0.1,0.02,0.01,0.02,0.01,0.02,0.01,0.02,0.01,a,c,f,0.2,0.1,0.02,0.01,0.02,0.01,0.02,0.01,0.02,0.01,e,0.2,0.1,0.02,0.01,0.02,0.01,0.02,0.01,0.02,0.01,c,e,g,0.2,0.1,0.02,0.01,0.02,0.01,0.02,0.01,0.02,0.01,h,0.2,0.1,0.02,0.01,0.02,0.01,0.02,0.01,0.02,0.01,e,g,i,0.2,0.1,0.02,0.01,0.02,0.01,0.02,0.01,0.02,0.01,h,0.2,0.01,0.01,0.01,h,0.2,0.01,0.01,0.01,c,e,0.2,0.1,0.02,0.01,0.02,0.01,0.02,0.01,0.02,0.01,e,0.2,0.1,0.02,0.01,0.02,0.01,0.02,0.01,0.02,0.01,c,e,h,0.2,0.1,0.02,0.01,0.02,0.01,0.02,0.01,0.02,0.01,h,0.2,0.01,0.01,0.01,h,0.2,0.01,0.01,0.01,c,e,0.2,0.1,0.02,0.01,0.2,0.1,0.02,0.01,0.1,0.02,0.01,0.02,0.01,0.01,0.01,0.01,0.01,0.01,c,e,0.2,0.1,0.02,0.01,0.02,0.01,0.02,0.01,0.02,0.01,h,0.2,0.1,0.02,0.01,0.02,0.01,0.02,0.01,0.02,0.01,d,f,h,0.2,0.1,0.02,0.01,0.02,0.01,0.02,0.01,0.02,0.01,g,0.2,0.1,0.02,0.01,0.02,0.01,0.02,0.01,0.02,0.01,b,d,f,0.2,0.1,0.02,0.01,0.02,0.01,0.02,0.01,0.02,0.01,e,0.2,0.1,0.02,0.01,0.02,0.01,0.02,0.01,0.02,0.01,e,g,i,0.2,0.1,0.02,0.01,0.02,0.01,0.02,0.01,0.02,0.01,j,0.2,0.1,0.02,0.01,0.02,0.01,0.02,0.01,0.02,0.01,e,g,k,0.2,0.1,0.02,0.01,0.02,0.01,0.02,0.01,0.02,0.01,j,0.2,0.01,0.01,0.01,j,0.2,0.01,0.01,0.01,a,c,0.2,0.1,0.02,0.01,0.02,0.01,0.02,0.01,0.02,0.01,e,0.2,0.1,0.02,0.01,0.02,0.01,0.02,0.01,0.02,0.01,c,e,h,0.2,0.1,0.02,0.01,0.02,0.01,0.02,0.01,0.02,0.01,h,0.2,0.01,0.01,0.01,h,0.2,0.01,0.01,0.01,c,e,0.2,0.1,0.02,0.01,0.2,0.1,0.02,0.01,0.1,0.02,0.01,0.02,0.01,0.01,0.01,0.01,0.01,0.01,c,e,0.2,0.1,0.02,0.01,0.02,0.01,0.02,0.01,0.02,0.01,h,0.2,0.1,0.02,0.01,0.02,0.01,0.02,0.01,0.02,0.01,c,e,h,0.2,0.1,0.02,0.01,0.02,0.01,0.02,0.01,0.02,0.01,g,0.2,0.1,0.02,0.01,0.02,0.01,0.02,0.01,0.02,0.01,a,c,f,0.2,0.1,0.02,0.01,0.02,0.01,0.02,0.01,0.02,0.01,e,0.2,0.1,0.02,0.01,0.02,0.01,0.02,0.01,0.02,0.01,e,g,i,0.2,0.1,0.02,0.01,0.02,0.01,0.02,0.01,0.02,0.01,h,0.2,0.1,0.02,0.01,0.02,0.01,0.02,0.01,0.02,0.01,c,e,g,0.2,0.1,0.02,0.01,0.02,0.01,0.02,0.01,0.02,0.01,h,0.2,0.01,0.01,0.01,h,0.2,0.01,0.01,0.01,c,e,0.2,0.1,0.02,0.01,0.2,0.1,0.02,0.01,0.1,0.02,0.01,0.02,0.01,0.01,0.01,0.01,0.01,0.01,c,e,0.2,0.1,0.02,0.01,0.02,0.01,0.02,0.01,0.02,0.01,h,0.2,0.1,0.02,0.01,0.02,0.01,0.02,0.01,0.02,0.01,c,e,h,0.2,0.1,0.02,0.01,0.02,0.01,0.02,0.01,0.02,0.01,j,0.2,0.1,0.02,0.01,0.02,0.01,0.02,0.01,0.02,0.01,e,g,i,0.2,0.1,0.02,0.01,0.02,0.01,0.02,0.01,0.02,0.01,h,0.2,0.1,0.02,0.01,0.02,0.01,0.02,0.01,0.02,0.01,c,e,h,0.2,0.1,0.02,0.01,0.02,0.01,0.02,0.01,0.02,0.01,g,0.2,0.1,0.02,0.01,0.02,0.01,0.02,0.01,0.02,0.01,e,g,i,0.2,0.1,0.02,0.01,0.02,0.01,0.02,0.01,0.02,0.01,h,0.2,0.01,0.01,0.01,h,0.2,0.01,0.01,0.01,c,e,0.2,0.1,0.02,0.01,0.2,0.1,0.02,0.01,0.1,0.02,0.01,0.02,0.01,0.01,0.01,0.01,0.01,0.01,c,e,0.2,0.1,0.02,0.01,0.2,0.1,0.02,0.01,0.1,0.02,0.01,0.02,0.01,0.01,0.01,0.01,0.01,0.01,c,e,0.2,0.1,0.02,0.01,0.2,0.1,0.02,0.01,0.1,0.02,0.01,0.02,0.01,0.01,0.01,0.01,0.01,0.01,e,0.2,0.1,0.02,0.01,0.02,0.01,0.02,0.01,0.02,0.01,h,0.2,0.1,0.02,0.01,0.02,0.01,0.02,0.01,0.02,0.01,d,f,h,0.2,0.1,0.02,0.01,0.2,0.1,0.02,0.01,0.1,0.02,0.01,0.02,0.01,0.01,0.01,0.01,0.01,0.01,c,0.2,0.1,0.02,0.01,0.02,0.01,0.02,0.01,0.02,0.01,f,0.2,0.1,0.02,0.01,0.02,0.01,0.02,0.01,0.02,0.01,a,d,f,0.2,0.1,0.02,0.01,0.2,0.1,0.02,0.01,0.1,0.02,0.01,0.02,0.01,0.01,0.01,0.01,0.01,0.01,e,0.2,0.1,0.02,0.01,0.02,0.01,0.02,0.01,0.02,0.01,i,0.2,0.1,0.02,0.01,0.02,0.01,0.02,0.01,0.02,0.01,e,g,i,0.2,0.1,0.02,0.01,0.2,0.1,0.02,0.01,0.1,0.02,0.01,0.02,0.01,0.01,0.01,0.01,0.01,0.01,b,0.2,0.1,0.02,0.01,0.02,0.01,0.02,0.01,0.02,0.01,d,0.2,0.01,0.01,0.01,d,0.2,0.1,0.02,0.01,0.2,0.02,0.01,0.02,0.01,0.02,0.01,0.01,0.01,0.01,0.01,a,c,0.2,0.1,0.02,0.01,0.2,0.1,0.02,0.01,0.1,0.02,0.01,0.02,0.01,0.01,0.01,0.01,0.01,0.01,e,0.2,0.1,0.02,0.01,0.02,0.01,0.02,0.01,0.02,0.01,a,e,0.2,0.1,0.02,0.01,0.02,0.01,0.02,0.01,0.02,0.01,d,0.2,0.1,0.02,0.01,0.02,0.01,0.02,0.01,0.02,0.01,a,d,0.2,0.1,0.02,0.01,0.02,0.01,0.02,0.01,0.02,0.01,c,0.2,0.01,0.01,0.01,c,0.2,0.01,0.01,0.01,a,0.2,0.1,0.02,0.01,0.02,0.01,0.02,0.01,0.02,0.01,b,0.2,0.1,0.02,0.01,0.02,0.01,0.02,0.01,0.02,0.01,b,0.2,0.1,0.02,0.01,0.02,0.01,0.02,0.01,0.02,0.01,a,0.2,0.1,0.02,0.01,0.02,0.01,0.02,0.01,0.02,0.01,a,c,0.2,0.1,0.02,0.01,0.02,0.01,0.02,0.01,0.02,0.01,b,0.2,0.1,0.02,0.01,0.2,0.1,0.02,0.01,0.1,0.02,0.01,0.02,0.01,0.01,0.01,0.01,0.01,0.01,d,0.2,0.1,0.02,0.01,0.02,0.01,0.02,0.01,0.02,0.01,a,c,0.2,0.1,0.02,0.01,0.2,0.1,0.02,0.01,0.1,0.02,0.01,0.02,0.01,0.01,0.01,0.01,0.01,0.01,e,0.2,0.1,0.02,0.01,0.02,0.01,0.02,0.01,0.02,0.01,h,0.2,0.1,0.02,0.01,0.02,0.01,0.02,0.01,0.02,0.01,c,e,h,0.2,0.1,0.02,0.01,0.2,0.1,0.02,0.01,0.1,0.02,0.01,0.02,0.01,0.01,0.01,0.01,0.01,0.01,c,0.2,0.1,0.02,0.01,0.02,0.01,0.02,0.01,0.02,0.01,f,0.2,0.1,0.02,0.01,0.02,0.01,0.02,0.01,0.02,0.01,a,d,f,0.2,0.1,0.02,0.01,0.02,0.01,0.02,0.01,0.02,0.01,e,0.2,0.1,0.02,0.01,0.02,0.01,0.02,0.01,0.02,0.01,e,0.2,0.1,0.02,0.01,0.02,0.01,0.02,0.01,0.02,0.01,i,0.2,0.1,0.02,0.01,0.02,0.01,0.02,0.01,0.02,0.01,e,g,i,0.2,0.1,0.02,0.01,0.02,0.01,0.02,0.01,0.02,0.01,b,0.2,0.1,0.02,0.01,0.02,0.01,0.02,0.01,0.02,0.01,b,0.2,0.1,0.02,0.01,0.02,0.01,0.02,0.01,0.02,0.01,d,0.2,0.1,0.02,0.01,0.02,0.01,0.02,0.01,0.02,0.01,a,c,0.2,0.1,0.02,0.01,0.02,0.01,0.02,0.01,0.02,0.01,e,0.2,0.1,0.02,0.01,0.02,0.01,0.02,0.01,0.02,0.01,e,0.2,0.1,0.02,0.01,0.02,0.01,0.02,0.01,0.02,0.01,j,0.2,0.1,0.02,0.01,0.02,0.01,0.02,0.01,0.02,0.01,e,h,j,0.2,0.1,0.02,0.01,0.02,0.01,0.02,0.01,0.02,0.01,i,0.2,0.1,0.02,0.01,0.02,0.01,0.02,0.01,0.02,0.01,i,0.2,0.1,0.02,0.01,0.02,0.01,0.02,0.01,0.02,0.01,h,0.2,0.1,0.02,0.01,0.02,0.01,0.02,0.01,0.02,0.01,d,f,h,0.2,0.1,0.02,0.01,0.02,0.01,0.02,0.01,0.02,0.01,i,0.2,0.1,0.02,0.01,0.02,0.01,0.02,0.01,0.02,0.01,h,0.2,0.1,0.02,0.01,0.02,0.01,0.02,0.01,0.02,0.01,j,0.2,0.1,0.02,0.01,0.02,0.01,0.02,0.01,0.02,0.01,e,h,j,0.2,0.1,0.02,0.01,0.02,0.01,0.02,0.01,0.02,0.01,i,0.2,0.01,0.01,0.01,i,0.2,0.1,0.02,0.01,0.2,0.1,0.02,0.01,0.2,0.1,0.02,0.01,0.02,0.01,0.02,0.01,a,c,0.2,0.1,0.02,0.01,0.02,0.01,0.02,0.01,0.02,0.01,e,0.2,0.1,0.02,0.01,0.02,0.01,0.02,0.01,0.02,0.01,c,e,h,0.2,0.1,0.02,0.01,0.02,0.01,0.02,0.01,0.02,0.01,h,0.2,0.01,0.01,0.01,h,0.2,0.01,0.01,0.01,c,e,0.2,0.1,0.02,0.01,0.2,0.1,0.02,0.01,0.1,0.02,0.01,0.02,0.01,0.01,0.01,0.01,0.01,0.01,c,e,0.2,0.1,0.02,0.01,0.02,0.01,0.02,0.01,0.02,0.01,h,0.2,0.1,0.02,0.01,0.02,0.01,0.02,0.01,0.02,0.01,c,e,h,0.2,0.1,0.02,0.01,0.02,0.01,0.02,0.01,0.02,0.01,g,0.2,0.1,0.02,0.01,0.02,0.01,0.02,0.01,0.02,0.01,a,c,f,0.2,0.1,0.02,0.01,0.02,0.01,0.02,0.01,0.02,0.01,e,0.2,0.1,0.02,0.01,0.02,0.01,0.02,0.01,0.02,0.01,c,e,g,0.2,0.1,0.02,0.01,0.02,0.01,0.02,0.01,0.02,0.01,h,0.2,0.1,0.02,0.01,0.02,0.01,0.02,0.01,0.02,0.01,e,g,i,0.2,0.1,0.02,0.01,0.02,0.01,0.02,0.01,0.02,0.01,h,0.2,0.01,0.01,0.01,h,0.2,0.01,0.01,0.01,c,e,0.2,0.1,0.02,0.01,0.02,0.01,0.02,0.01,0.02,0.01,e,0.2,0.1,0.02,0.01,0.02,0.01,0.02,0.01,0.02,0.01,c,e,g,0.2,0.1,0.02,0.01,0.02,0.01,0.02,0.01,0.02,0.01,h,0.2,0.01,0.01,0.01,h,0.2,0.01,0.01,0.01,c,e,0.2,0.1,0.02,0.01,0.2,0.1,0.02,0.01,0.1,0.02,0.01,0.02,0.01,0.01,0.01,0.01,0.01,0.01,c,e,0.2,0.1,0.02,0.01,0.02,0.01,0.02,0.01,0.02,0.01,h,0.2,0.1,0.02,0.01,0.02,0.01,0.02,0.01,0.02,0.01,d,f,h,0.2,0.1,0.02,0.01,0.02,0.01,0.02,0.01,0.02,0.01,g,0.2,0.1,0.02,0.01,0.02,0.01,0.02,0.01,0.02,0.01,b,d,f,0.2,0.1,0.02,0.01,0.02,0.01,0.02,0.01,0.02,0.01,e,0.2,0.1,0.02,0.01,0.02,0.01,0.02,0.01,0.02,0.01,e,g,i,0.2,0.1,0.02,0.01,0.02,0.01,0.02,0.01,0.02,0.01,j,0.2,0.1,0.02,0.01,0.02,0.01,0.02,0.01,0.02,0.01,e,g,k,0.2,0.1,0.02,0.01,0.02,0.01,0.02,0.01,0.02,0.01,j,0.2,0.01,0.01,0.01,j,0.2,0.01,0.01,0.01,a,c,0.2,0.1,0.02,0.01,0.02,0.01,0.02,0.01,0.02,0.01,e,0.2,0.1,0.02,0.01,0.02,0.01,0.02,0.01,0.02,0.01,c,e,g,0.2,0.1,0.02,0.01,0.02,0.01,0.02,0.01,0.02,0.01,h,0.2,0.01,0.01,0.01,h,0.2,0.01,0.01,0.01,c,e,0.2,0.1,0.02,0.01,0.2,0.1,0.02,0.01,0.1,0.02,0.01,0.02,0.01,0.01,0.01,0.01,0.01,0.01,c,e,0.2,0.1,0.02,0.01,0.02,0.01,0.02,0.01,0.02,0.01,h,0.2,0.1,0.02,0.01,0.02,0.01,0.02,0.01,0.02,0.01,c,e,h,0.2,0.1,0.02,0.01,0.02,0.01,0.02,0.01,0.02,0.01,g,0.2,0.1,0.02,0.01,0.02,0.01,0.02,0.01,0.02,0.01,a,c,f,0.2,0.1,0.02,0.01,0.02,0.01,0.02,0.01,0.02,0.01,e,0.2,0.1,0.02,0.01,0.02,0.01,0.02,0.01,0.02,0.01,e,g,i,0.2,0.1,0.02,0.01,0.02,0.01,0.02,0.01,0.02,0.01,h,0.2,0.1,0.02,0.01,0.02,0.01,0.02,0.01,0.02,0.01,c,e,g,0.2,0.1,0.02,0.01,0.02,0.01,0.02,0.01,0.02,0.01,h,0.2,0.01,0.01,0.01,h,0.2,0.01,0.01,0.01,c,e,0.2,0.1,0.02,0.01,0.2,0.1,0.02,0.01,0.1,0.02,0.01,0.02,0.01,0.01,0.01,0.01,0.01,0.01,c,e,0.2,0.1,0.02,0.01,0.02,0.01,0.02,0.01,0.02,0.01,h,0.2,0.1,0.02,0.01,0.02,0.01,0.02,0.01,0.02,0.01,c,e,h,0.2,0.1,0.02,0.01,0.02,0.01,0.02,0.01,0.02,0.01,j,0.2,0.1,0.02,0.01,0.02,0.01,0.02,0.01,0.02,0.01,e,g,i,0.2,0.1,0.02,0.01,0.02,0.01,0.02,0.01,0.02,0.01,h,0.2,0.1,0.02,0.01,0.02,0.01,0.02,0.01,0.02,0.01,c,e,h,0.2,0.1,0.02,0.01,0.02,0.01,0.02,0.01,0.02,0.01,g,0.2,0.1,0.02,0.01,0.02,0.01,0.02,0.01,0.02,0.01,e,g,i,0.2,0.1,0.02,0.01,0.02,0.01,0.02,0.01,0.02,0.01,h,0.2,0.01,0.01,0.01,h,0.2,0.01,0.01,0.01,c,e,0.2,0.1,0.02,0.01,0.2,0.1,0.02,0.01,0.2,0.1,0.02,0.01,0.2,0.1,0.02,0.01,0.2,0.1,0.02,0.01,0.2,0.1,0.02,0.01,0.2,0.1,0.02,0.01,0.1,0.02,0.01,0.02,0.01,0.02,0.01,e,0.2,0.1,0.02,0.01,0.02,0.01,0.02,0.01,0.02,0.01,i,0.2,0.1,0.02,0.01,0.02,0.01,0.02,0.01,0.02,0.01,c,e,h,0.2,0.1,0.02,0.01,0.2,0.1,0.02,0.01,0.1,0.02,0.01,0.02,0.01,0.01,0.01,0.01,0.01,0.01,c,e,0.2,0.1,0.02,0.01,0.02,0.01,0.02,0.01,0.02,0.01,h,0.2,0.1,0.02,0.01,0.02,0.01,0.02,0.01,0.02,0.01,c,e,h,0.2,0.1,0.02,0.01,0.02,0.01,0.02,0.01,0.02,0.01,g,0.2,0.1,0.02,0.01,0.02,0.01,0.02,0.01,0.02,0.01,a,c,f,0.2,0.1,0.02,0.01,0.02,0.01,0.02,0.01,0.02,0.01,e,0.2,0.1,0.02,0.01,0.02,0.01,0.02,0.01,0.02,0.01,c,e,g,0.2,0.1,0.02,0.01,0.02,0.01,0.02,0.01,0.02,0.01,h,0.2,0.1,0.02,0.01,0.02,0.01,0.02,0.01,0.02,0.01,e,g,i,0.2,0.1,0.02,0.01,0.02,0.01,0.02,0.01,0.02,0.01,h,0.2,0.01,0.01,0.01,h,0.2,0.01,0.01,0.01,c,e,0.2,0.1,0.02,0.01,0.02,0.01,0.02,0.01,0.02,0.01,e,0.2,0.1,0.02,0.01,0.02,0.01,0.02,0.01,0.02,0.01,c,e,g,0.2,0.1,0.02,0.01,0.02,0.01,0.02,0.01,0.02,0.01,h,0.2,0.01,0.01,0.01,h,0.2,0.01,0.01,0.01,c,e,0.2,0.1,0.02,0.01,0.2,0.1,0.02,0.01,0.1,0.02,0.01,0.02,0.01,0.01,0.01,0.01,0.01,0.01,c,e,0.2,0.1,0.02,0.01,0.02,0.01,0.02,0.01,0.02,0.01,h,0.2,0.1,0.02,0.01,0.02,0.01,0.02,0.01,0.02,0.01,d,f,h,0.2,0.1,0.02,0.01,0.02,0.01,0.02,0.01,0.02,0.01,g,0.2,0.1,0.02,0.01,0.02,0.01,0.02,0.01,0.02,0.01,b,d,f,0.2,0.1,0.02,0.01,0.02,0.01,0.02,0.01,0.02,0.01,e,0.2,0.1,0.02,0.01,0.02,0.01,0.02,0.01,0.02,0.01,e,g,i,0.2,0.1,0.02,0.01,0.02,0.01,0.02,0.01,0.02,0.01,j,0.2,0.1,0.02,0.01,0.02,0.01,0.02,0.01,0.02,0.01,e,g,k,0.2,0.1,0.02,0.01,0.02,0.01,0.02,0.01,0.02,0.01,j,0.2,0.01,0.01,0.01,j,0.2,0.01,0.01,0.01,a,c,0.2,0.1,0.02,0.01,0.02,0.01,0.02,0.01,0.02,0.01,e,0.2,0.1,0.02,0.01,0.02,0.01,0.02,0.01,0.02,0.01,c,e,g,0.2,0.1,0.02,0.01,0.02,0.01,0.02,0.01,0.02,0.01,h,0.2,0.01,0.01,0.01,h,0.2,0.01,0.01,0.01,c,e,0.2,0.1,0.02,0.01,0.2,0.1,0.02,0.01,0.1,0.02,0.01,0.02,0.01,0.01,0.01,0.01,0.01,0.01,c,e,0.2,0.1,0.02,0.01,0.02,0.01,0.02,0.01,0.02,0.01,h,0.2,0.1,0.02,0.01,0.02,0.01,0.02,0.01,0.02,0.01,c,e,h,0.2,0.1,0.02,0.01,0.02,0.01,0.02,0.01,0.02,0.01,g,0.2,0.1,0.02,0.01,0.02,0.01,0.02,0.01,0.02,0.01,a,c,f,0.2,0.1,0.02,0.01,0.02,0.01,0.02,0.01,0.02,0.01,e,0.2,0.1,0.02,0.01,0.02,0.01,0.02,0.01,0.02,0.01,e,g,i,0.2,0.1,0.02,0.01,0.02,0.01,0.02,0.01,0.02,0.01,h,0.2,0.1,0.02,0.01,0.02,0.01,0.02,0.01,0.02,0.01,c,e,g,0.2,0.1,0.02,0.01,0.02,0.01,0.02,0.01,0.02,0.01,h,0.2,0.01,0.01,0.01,h,0.2,0.01,0.01,0.01,a,c,0.2,0.1,0.02,0.01,0.2,0.1,0.02,0.01,0.1,0.02,0.01,0.02,0.01,0.01,0.01,0.01,0.01,0.01,a,c,0.2,0.1,0.02,0.01,0.02,0.01,0.02,0.01,0.02,0.01,h,0.2,0.1,0.02,0.01,0.02,0.01,0.02,0.01,0.02,0.01,c,e,h,0.2,0.1,0.02,0.01,0.02,0.01,0.02,0.01,0.02,0.01,j,0.2,0.1,0.02,0.01,0.02,0.01,0.02,0.01,0.02,0.01,i,0.2,0.1,0.02,0.01,0.02,0.01,0.02,0.01,0.02,0.01,h,0.2,0.1,0.02,0.01,0.02,0.01,0.02,0.01,0.02,0.01,c,e,h,0.2,0.1,0.02,0.01,0.02,0.01,0.02,0.01,0.02,0.01,g,0.2,0.1,0.02,0.01,0.02,0.01,0.02,0.01,0.02,0.01,e,g,i,0.2,0.1,0.02,0.01,0.02,0.01,0.02,0.01,0.02,0.01,h,0.2,0.01,0.01,0.01,h,0.2,0.01,0.01,0.01,e,g,0.2,0.1,0.02,0.01,0.2,0.1,0.02,0.01,0.2,0.1,0.02,0.01,0.2,0.1,0.02,0.01,0.2,0.1,0.02,0.01,0.2,0.1,0.02,0.01,0.1,0.01,0.01,h,0.2,0.1,0.02,0.01,0.02,0.01,0.02,0.01,0.02,0.01,h,0.2,0.1,0.02,0.01,0.2,0.02,0.01,0.02,0.01,0.02,0.01,0.01,0.01,0.01,0.01,j,0.2,0.01,0.01,0.01,g,i,0.2,0.1,0.02,0.01,0.02,0.01,0.02,0.01,0.02,0.01,h,0.2,0.1,0.02,0.01,0.2,0.02,0.01,0.02,0.01,0.02,0.01,0.01,0.01,0.01,0.01,f,0.2,0.01,0.01,0.01,h,0.2,0.01,0.01,0.01,f,0.2,0.01,0.01,0.01,c,e,0.2,0.1,0.02,0.01,0.2,0.02,0.01,0.02,0.01,0.02,0.01,0.01,0.01,0.01,0.01,f,0.2,0.01,0.01,0.01,h,0.2,0.1,0.02,0.01,0.02,0.01,0.02,0.01,0.02,0.01,i,0.2,0.1,0.02,0.01,0.02,0.01,0.02,0.01,0.02,0.01,h,j,0.2,0.1,0.02,0.01,0.2,0.1,0.02,0.01,0.1,0.02,0.01,0.02,0.01,0.01,0.01,0.01,0.01,0.01,b,0.2,0.01,0.01,0.01,c,0.2,0.01,0.01,0.01,e,0.2,0.01,0.01,0.01,f,0.2,0.01,0.01,0.01,e,h,0.2,0.1,0.02,0.01,0.2,0.1,0.02,0.01,0.1,0.02,0.01,0.02,0.01,0.01,0.01,0.01,0.01,0.01,h,0.2,0.1,0.02,0.01,0.2,0.02,0.01,0.02,0.01,0.02,0.01,0.01,0.01,0.01,0.01,j,0.2,0.01,0.01,0.01,g,i,0.2,0.1,0.02,0.01,0.02,0.01,0.02,0.01,0.02,0.01,h,0.2,0.1,0.02,0.01,0.02,0.01,0.02,0.01,0.02,0.01,h,0.2,0.1,0.02,0.01,0.02,0.01,0.02,0.01,0.02,0.01,f,0.2,0.01,0.01,0.01,h,0.2,0.01,0.01,0.01,e,g,i,0.01,0.01,0.01,0.01,









