a,c,e,f,0.2,0.02,0.01,0.01,0.01,0.01,0.01,a,c,e,f,0.2,0.02,0.01,0.01,0.01,0.01,0.01,a,0.2,0.02,0.01,0.01,0.01,0.01,0.01,a,c,e,f,0.2,0.02,0.01,0.01,0.01,0.01,0.01,c,f,0.1,0.01,0.01,0.01,0.01,0.01,g,0.1,0.01,0.01,0.01,0.01,0.01,a,h,0.1,0.01,0.01,0.01,0.01,0.01,f,0.2,0.02,0.01,0.01,0.01,0.01,0.01,a,0.2,0.02,0.01,0.01,0.01,0.01,0.01,a,0.2,0.02,0.01,0.01,0.01,0.01,0.01,a,b,f,0.1,0.01,0.01,0.01,0.01,0.01,b,f,0.2,0.02,0.01,0.01,0.01,0.01,0.01,b,f,0.2,0.02,0.01,0.01,0.01,0.01,0.01,a,0.2,0.02,0.01,0.01,0.01,0.01,0.01,b,f,0.2,0.02,0.01,0.01,0.01,0.01,0.01,e,f,0.1,0.01,0.01,0.01,0.01,0.01,g,0.1,0.01,0.01,0.01,0.01,0.01,e,g,h,0.1,0.01,0.01,0.01,0.01,0.01,f,0.2,0.02,0.01,0.01,0.01,0.01,0.01,a,0.2,0.02,0.01,0.01,0.01,0.01,0.01,a,d,f,0.2,0.02,0.01,0.01,0.01,0.01,0.01,a,f,0.2,0.02,0.01,0.01,0.01,0.01,0.01,a,0.2,0.02,0.01,0.01,0.01,0.01,0.01,a,d,f,0.2,0.02,0.01,0.01,0.01,0.01,0.01,d,f,0.1,0.01,0.01,0.01,0.01,0.01,g,0.1,0.01,0.01,0.01,0.01,0.01,d,f,h,0.1,0.01,0.01,0.01,0.01,0.01,f,0.2,0.02,0.01,0.01,0.01,0.01,0.01,a,0.2,0.02,0.01,0.01,0.01,0.01,0.01,d,0.2,0.02,0.01,0.01,0.01,0.01,0.01,a,c,f,0.2,0.02,0.01,0.01,0.01,0.01,0.01,f,0.2,0.02,0.01,0.01,0.01,0.01,0.01,e,g,0.2,0.02,0.01,0.01,0.01,0.01,0.01,a,c,j,0.2,0.02,0.01,0.01,0.01,0.01,0.01,a,0.2,0.02,0.01,0.01,0.01,0.01,0.01,b,e,i,0.2,0.02,0.01,0.01,0.01,0.01,0.01,a,0.2,0.02,0.01,0.01,0.01,0.01,0.01,c,0.2,0.02,0.01,0.01,0.01,0.01,0.01,a,f,h,m,0.2,0.02,0.01,0.01,0.01,0.01,0.01,h,m,0.2,0.02,0.01,0.01,0.01,0.01,0.01,a,0.2,0.02,0.01,0.01,0.01,0.01,0.01,f,h,m,0.2,0.02,0.01,0.01,0.01,0.01,0.01,a,m,0.1,0.01,0.01,0.01,0.01,0.01,n,0.1,0.01,0.01,0.01,0.01,0.01,h,o,0.1,0.01,0.01,0.01,0.01,0.01,m,0.2,0.02,0.01,0.01,0.01,0.01,0.01,a,0.2,0.02,0.01,0.01,0.01,0.01,0.01,a,0.2,0.02,0.01,0.01,0.01,0.01,0.01,a,f,i,m,0.1,0.01,0.01,0.01,0.01,0.01,f,i,m,0.2,0.02,0.01,0.01,0.01,0.01,0.01,f,i,m,0.2,0.02,0.01,0.01,0.01,0.01,0.01,a,0.2,0.02,0.01,0.01,0.01,0.01,0.01,e,f,i,m,0.2,0.02,0.01,0.01,0.01,0.01,0.01,a,m,0.1,0.01,0.01,0.01,0.01,0.01,n,0.1,0.01,0.01,0.01,0.01,0.01,e,g,o,0.1,0.01,0.01,0.01,0.01,0.01,m,0.2,0.02,0.01,0.01,0.01,0.01,0.01,a,0.2,0.02,0.01,0.01,0.01,0.01,0.01,e,0.2,0.02,0.01,0.01,0.01,0.01,0.01,a,d,f,h,m,0.2,0.02,0.01,0.01,0.01,0.01,0.01,f,h,m,0.2,0.02,0.01,0.01,0.01,0.01,0.01,a,0.2,0.02,0.01,0.01,0.01,0.01,0.01,d,f,h,m,0.2,0.02,0.01,0.01,0.01,0.01,0.01,d,m,0.1,0.01,0.01,0.01,0.01,0.01,n,0.1,0.01,0.01,0.01,0.01,0.01,d,f,o,0.1,0.01,0.01,0.01,0.01,0.01,m,0.1,0.01,0.01,0.01,0.01,0.01,a,0.2,0.02,0.01,0.01,0.01,0.01,0.01,d,0.2,0.02,0.01,0.01,0.01,0.01,0.01,c,f,i,m,0.2,0.1,0.02,0.01,0.1,0.02,0.01,0.01,0.01,0.01,0.01,0.01,c,0.2,0.02,0.01,0.01,0.01,0.01,0.01,a,g,i,l,0.2,0.1,0.02,0.01,0.1,0.02,0.01,0.01,0.01,0.01,0.01,0.01,a,0.2,0.02,0.01,0.01,0.01,0.01,0.01,a,c,h,0.2,0.02,0.01,0.01,0.01,0.01,0.01,a,g,0.2,0.02,0.01,0.01,0.01,0.01,0.01,a,f,0.2,0.1,0.02,0.01,0.1,0.02,0.01,0.01,0.01,0.01,0.01,0.01,a,f,h,j,0.2,0.02,0.01,0.01,0.01,0.01,0.01,d,0.2,0.02,0.01,0.01,0.01,0.01,0.01,c,0.2,0.02,0.01,0.01,0.01,0.01,0.01,a,0.2,0.02,0.01,0.01,0.01,0.01,0.01,a,h,0.2,0.02,0.01,0.01,0.01,0.01,0.01,f,0.2,0.02,0.01,0.01,0.01,0.01,0.01,e,g,0.2,0.1,0.02,0.01,0.1,0.02,0.01,0.01,0.01,0.01,0.01,0.01,g,k,0.2,0.02,0.01,0.01,0.01,0.01,0.01,a,0.2,0.02,0.01,0.01,0.01,0.01,0.01,a,e,j,0.2,0.02,0.01,0.01,0.01,0.01,0.01,i,0.2,0.02,0.01,0.01,0.01,0.01,0.01,a,0.2,0.02,0.01,0.01,0.01,0.01,0.01,c,0.2,0.02,0.01,0.01,0.01,0.01,0.01,a,e,h,0.2,0.02,0.01,0.01,0.01,0.01,0.01,i,0.2,0.02,0.01,0.01,0.01,0.01,0.01,a,h,0.2,0.02,0.01,0.01,0.01,0.01,0.01,a,i,0.2,0.02,0.01,0.01,0.01,0.01,0.01,j,0.2,0.02,0.01,0.01,0.01,0.01,0.01,a,c,0.2,0.02,0.01,0.01,0.01,0.01,0.01,a,h,0.2,0.02,0.01,0.01,0.01,0.01,0.01,a,g,0.2,0.02,0.01,0.01,0.01,0.01,0.01,a,d,f,0.2,0.1,0.02,0.01,0.1,0.02,0.01,0.01,0.01,0.01,0.01,0.01,a,f,i,0.2,0.02,0.01,0.01,0.01,0.01,0.01,a,0.2,0.02,0.01,0.01,0.01,0.01,0.01,c,f,h,0.2,0.02,0.01,0.01,0.01,0.01,0.01,g,0.2,0.02,0.01,0.01,0.01,0.01,0.01,a,0.2,0.02,0.01,0.01,0.01,0.01,0.01,c,f,0.1,0.01,0.01,0.01,0.01,0.01,g,0.1,0.01,0.01,0.01,0.01,0.01,c,f,h,0.2,0.1,0.02,0.01,0.1,0.02,0.01,0.01,0.01,0.01,0.01,0.01,a,f,0.2,0.02,0.01,0.01,0.01,0.01,0.01,a,0.2,0.02,0.01,0.01,0.01,0.01,0.01,c,h,j,0.2,0.02,0.01,0.01,0.01,0.01,0.01,a,0.2,0.02,0.01,0.01,0.01,0.01,0.01,a,h,0.2,0.02,0.01,0.01,0.01,0.01,0.01,a,0.2,0.02,0.01,0.01,0.01,0.01,0.01,e,g,i,0.2,0.1,0.02,0.01,0.1,0.02,0.01,0.01,0.01,0.01,0.01,0.01,a,g,m,0.2,0.02,0.01,0.01,0.01,0.01,0.01,a,0.2,0.02,0.01,0.01,0.01,0.01,0.01,g,i,l,0.2,0.02,0.01,0.01,0.01,0.01,0.01,a,0.2,0.02,0.01,0.01,0.01,0.01,0.01,g,i,k,0.2,0.02,0.01,0.01,0.01,0.01,0.01,e,j,0.1,0.01,0.01,0.01,0.01,0.01,i,0.1,0.01,0.01,0.01,0.01,0.01,a,e,h,j,0.2,0.1,0.02,0.01,0.1,0.02,0.01,0.01,0.01,0.01,0.01,0.01,a,0.2,0.02,0.01,0.01,0.01,0.01,0.01,b,0.2,0.02,0.01,0.01,0.01,0.01,0.01,a,0.2,0.02,0.01,0.01,0.01,0.01,0.01,a,c,0.2,0.02,0.01,0.01,0.01,0.01,0.01,a,0.2,0.02,0.01,0.01,0.01,0.01,0.01,b,0.2,0.02,0.01,0.01,0.01,0.01,0.01,a,d,f,0.2,0.1,0.02,0.01,0.02,0.01,a,f,0.1,0.01,0.01,0.01,0.01,0.01,a,0.2,0.02,0.01,0.01,0.01,0.01,0.01,b,e,0.2,0.1,0.02,0.01,0.1,0.02,0.01,0.01,0.01,0.01,0.01,0.01,a,c,h,0.2,0.02,0.01,0.01,0.01,0.01,0.01,a,g,0.2,0.02,0.01,0.01,0.01,0.01,0.01,a,f,0.2,0.1,0.02,0.01,0.1,0.02,0.01,0.01,0.01,0.01,0.01,0.01,a,f,h,j,0.2,0.02,0.01,0.01,0.01,0.01,0.01,d,0.2,0.02,0.01,0.01,0.01,0.01,0.01,c,0.2,0.02,0.01,0.01,0.01,0.01,0.01,a,0.2,0.02,0.01,0.01,0.01,0.01,0.01,a,h,0.2,0.02,0.01,0.01,0.01,0.01,0.01,f,0.2,0.02,0.01,0.01,0.01,0.01,0.01,e,g,0.2,0.1,0.02,0.01,0.1,0.02,0.01,0.01,0.01,0.01,0.01,0.01,g,k,0.2,0.02,0.01,0.01,0.01,0.01,0.01,a,0.2,0.02,0.01,0.01,0.01,0.01,0.01,a,e,j,0.2,0.02,0.01,0.01,0.01,0.01,0.01,i,0.2,0.02,0.01,0.01,0.01,0.01,0.01,a,0.2,0.02,0.01,0.01,0.01,0.01,0.01,c,0.2,0.02,0.01,0.01,0.01,0.01,0.01,a,e,h,0.2,0.02,0.01,0.01,0.01,0.01,0.01,i,0.2,0.02,0.01,0.01,0.01,0.01,0.01,a,h,0.2,0.02,0.01,0.01,0.01,0.01,0.01,a,i,0.2,0.02,0.01,0.01,0.01,0.01,0.01,j,0.2,0.02,0.01,0.01,0.01,0.01,0.01,a,c,0.2,0.02,0.01,0.01,0.01,0.01,0.01,a,h,0.2,0.02,0.01,0.01,0.01,0.01,0.01,a,g,0.2,0.02,0.01,0.01,0.01,0.01,0.01,a,d,f,0.2,0.1,0.02,0.01,0.1,0.02,0.01,0.01,0.01,0.01,0.01,0.01,a,f,i,0.2,0.02,0.01,0.01,0.01,0.01,0.01,a,0.2,0.02,0.01,0.01,0.01,0.01,0.01,c,f,h,0.2,0.02,0.01,0.01,0.01,0.01,0.01,g,0.2,0.02,0.01,0.01,0.01,0.01,0.01,a,0.2,0.02,0.01,0.01,0.01,0.01,0.01,c,f,0.1,0.01,0.01,0.01,0.01,0.01,g,0.1,0.01,0.01,0.01,0.01,0.01,c,f,h,0.2,0.1,0.02,0.01,0.1,0.02,0.01,0.01,0.01,0.01,0.01,0.01,a,f,0.2,0.02,0.01,0.01,0.01,0.01,0.01,a,0.2,0.02,0.01,0.01,0.01,0.01,0.01,c,h,j,0.2,0.02,0.01,0.01,0.01,0.01,0.01,a,0.2,0.02,0.01,0.01,0.01,0.01,0.01,a,h,0.2,0.02,0.01,0.01,0.01,0.01,0.01,a,0.2,0.02,0.01,0.01,0.01,0.01,0.01,e,g,i,0.2,0.1,0.02,0.01,0.1,0.02,0.01,0.01,0.01,0.01,0.01,0.01,a,g,m,0.2,0.02,0.01,0.01,0.01,0.01,0.01,a,0.2,0.02,0.01,0.01,0.01,0.01,0.01,g,i,l,0.2,0.02,0.01,0.01,0.01,0.01,0.01,a,0.2,0.02,0.01,0.01,0.01,0.01,0.01,g,i,k,0.2,0.02,0.01,0.01,0.01,0.01,0.01,e,j,0.1,0.01,0.01,0.01,0.01,0.01,i,0.1,0.01,0.01,0.01,0.01,0.01,a,e,h,j,0.2,0.1,0.02,0.01,0.1,0.02,0.01,0.01,0.01,0.01,0.01,0.01,a,0.2,0.02,0.01,0.01,0.01,0.01,0.01,b,0.2,0.02,0.01,0.01,0.01,0.01,0.01,a,0.2,0.02,0.01,0.01,0.01,0.01,0.01,a,c,0.2,0.02,0.01,0.01,0.01,0.01,0.01,a,0.2,0.02,0.01,0.01,0.01,0.01,0.01,b,0.2,0.02,0.01,0.01,0.01,0.01,0.01,a,d,f,0.2,0.1,0.02,0.01,0.02,0.01,a,f,0.1,0.01,0.01,0.01,0.01,0.01,a,0.2,0.02,0.01,0.01,0.01,0.01,0.01,b,e,0.2,0.1,0.02,0.01,0.1,0.02,0.01,0.01,0.01,0.01,0.01,0.01,a,0.2,0.02,0.01,0.01,0.01,0.01,0.01,c,g,i,0.2,0.02,0.01,0.01,0.01,0.01,0.01,c,j,0.2,0.02,0.01,0.01,0.01,0.01,0.01,f,j,o,0.2,0.1,0.02,0.01,0.1,0.02,0.01,0.01,0.01,0.01,0.01,0.01,f,j,n,0.2,0.02,0.01,0.01,0.01,0.01,0.01,f,0.2,0.02,0.01,0.01,0.01,0.01,0.01,a,0.2,0.02,0.01,0.01,0.01,0.01,0.01,a,l,0.2,0.02,0.01,0.01,0.01,0.01,0.01,f,m,0.2,0.02,0.01,0.01,0.01,0.01,0.01,h,o,0.2,0.02,0.01,0.01,0.01,0.01,0.01,e,i,n,0.2,0.02,0.01,0.01,0.01,0.01,0.01,m,0.2,0.02,0.01,0.01,0.01,0.01,0.01,a,0.2,0.02,0.01,0.01,0.01,0.01,0.01,g,i,l,0.2,0.02,0.01,0.01,0.01,0.01,0.01,a,0.2,0.02,0.01,0.01,0.01,0.01,0.01,a,c,0.2,0.02,0.01,0.01,0.01,0.01,0.01,a,0.2,0.02,0.01,0.01,0.01,0.01,0.01,e,0.2,0.02,0.01,0.01,0.01,0.01,0.01,a,d,h,m,0.2,0.1,0.02,0.01,0.1,0.02,0.01,0.01,0.01,0.01,0.01,0.01,a,h,0.2,0.02,0.01,0.01,0.01,0.01,0.01,d,i,0.2,0.02,0.01,0.01,0.01,0.01,0.01,a,0.2,0.02,0.01,0.01,0.01,0.01,0.01,d,f,h,0.2,0.02,0.01,0.01,0.01,0.01,0.01,a,i,0.2,0.1,0.02,0.01,0.1,0.02,0.01,0.01,0.01,0.01,0.01,0.01,a,d,g,j,0.2,0.1,0.02,0.01,0.1,0.02,0.01,0.01,0.01,0.01,0.01,0.01,a,0.2,0.02,0.01,0.01,0.01,0.01,0.01,c,0.2,0.02,0.01,0.01,0.01,0.01,0.01,a,0.2,0.02,0.01,0.01,0.01,0.01,0.01,c,e,h,0.2,0.02,0.01,0.01,0.01,0.01,0.01,a,i,0.2,0.02,0.01,0.01,0.01,0.01,0.01,c,j,0.2,0.02,0.01,0.01,0.01,0.01,0.01,b,f,i,k,0.2,0.1,0.02,0.01,0.1,0.02,0.01,0.01,0.01,0.01,0.01,0.01,a,f,j,0.2,0.02,0.01,0.01,0.01,0.01,0.01,b,f,i,0.2,0.02,0.01,0.01,0.01,0.01,0.01,a,0.2,0.02,0.01,0.01,0.01,0.01,0.01,b,d,0.2,0.02,0.01,0.01,0.01,0.01,0.01,a,0.2,0.02,0.01,0.01,0.01,0.01,0.01,b,0.2,0.02,0.01,0.01,0.01,0.01,0.01,d,f,m,0.2,0.1,0.02,0.01,0.1,0.02,0.01,0.01,0.01,0.01,0.01,0.01,a,l,0.2,0.02,0.01,0.01,0.01,0.01,0.01,d,k,0.2,0.02,0.01,0.01,0.01,0.01,0.01,a,l,0.2,0.02,0.01,0.01,0.01,0.01,0.01,d,f,m,0.2,0.02,0.01,0.01,0.01,0.01,0.01,a,0.2,0.02,0.01,0.01,0.01,0.01,0.01,g,i,k,n,0.2,0.02,0.01,0.01,0.01,0.01,0.01,a,0.2,0.02,0.01,0.01,0.01,0.01,0.01,a,d,g,0.2,0.02,0.01,0.01,0.01,0.01,0.01,a,0.2,0.02,0.01,0.01,0.01,0.01,0.01,d,g,0.2,0.02,0.01,0.01,0.01,0.01,0.01,a,0.2,0.02,0.01,0.01,0.01,0.01,0.01,c,0.2,0.02,0.01,0.01,0.01,0.01,0.01,c,0.2,0.02,0.01,0.01,0.01,0.01,0.01,a,d,f,0.2,0.1,0.02,0.01,0.02,0.01,a,f,0.1,0.01,0.01,0.01,0.01,0.01,a,0.2,0.02,0.01,0.01,0.01,0.01,0.01,b,e,0.2,0.1,0.02,0.01,0.1,0.02,0.01,0.01,0.01,0.01,0.01,0.01,a,0.2,0.02,0.01,0.01,0.01,0.01,0.01,a,h,0.2,0.02,0.01,0.01,0.01,0.01,0.01,c,g,0.2,0.02,0.01,0.01,0.01,0.01,0.01,a,f,0.2,0.1,0.02,0.01,0.1,0.02,0.01,0.01,0.01,0.01,0.01,0.01,a,c,j,0.2,0.02,0.01,0.01,0.01,0.01,0.01,f,0.2,0.02,0.01,0.01,0.01,0.01,0.01,a,0.2,0.02,0.01,0.01,0.01,0.01,0.01,c,0.2,0.02,0.01,0.01,0.01,0.01,0.01,a,h,0.2,0.02,0.01,0.01,0.01,0.01,0.01,a,f,0.2,0.02,0.01,0.01,0.01,0.01,0.01,a,e,g,0.2,0.1,0.02,0.01,0.1,0.02,0.01,0.01,0.01,0.01,0.01,0.01,a,d,k,0.2,0.02,0.01,0.01,0.01,0.01,0.01,e,0.2,0.02,0.01,0.01,0.01,0.01,0.01,a,c,j,0.2,0.02,0.01,0.01,0.01,0.01,0.01,b,e,i,0.2,0.02,0.01,0.01,0.01,0.01,0.01,a,0.2,0.02,0.01,0.01,0.01,0.01,0.01,e,0.2,0.02,0.01,0.01,0.01,0.01,0.01,a,h,0.2,0.02,0.01,0.01,0.01,0.01,0.01,b,i,0.2,0.02,0.01,0.01,0.01,0.01,0.01,a,h,0.2,0.02,0.01,0.01,0.01,0.01,0.01,b,i,0.2,0.02,0.01,0.01,0.01,0.01,0.01,a,c,j,0.2,0.02,0.01,0.01,0.01,0.01,0.01,c,j,0.2,0.02,0.01,0.01,0.01,0.01,0.01,a,d,k,0.2,0.02,0.01,0.01,0.01,0.01,0.01,a,e,l,0.2,0.02,0.01,0.01,0.01,0.01,0.01,d,f,m,0.2,0.1,0.02,0.01,0.1,0.02,0.01,0.01,0.01,0.01,0.01,0.01,a,h,o,0.2,0.02,0.01,0.01,0.01,0.01,0.01,d,0.2,0.02,0.01,0.01,0.01,0.01,0.01,c,g,n,0.2,0.02,0.01,0.01,0.01,0.01,0.01,e,l,0.2,0.02,0.01,0.01,0.01,0.01,0.01,a,c,0.2,0.02,0.01,0.01,0.01,0.01,0.01,f,h,j,m,0.2,0.1,0.02,0.01,0.02,0.01,a,0.2,0.02,0.01,0.01,0.01,0.01,0.01,c,0.2,0.02,0.01,0.01,0.01,0.01,0.01,e,0.2,0.02,0.01,0.01,0.01,0.01,0.01,a,c,f,0.2,0.02,0.01,0.01,0.01,0.01,0.01,c,0.2,0.02,0.01,0.01,0.01,0.01,0.01,a,0.2,0.02,0.01,0.01,0.01,0.01,0.01,l,0.1,0.01,0.01,0.01,0.01,0.01,l,0.1,0.01,0.01,0.01,0.01,0.01,f,m,0.2,0.02,0.01,0.01,0.01,0.01,0.01,c,j,0.2,0.02,0.01,0.01,0.01,0.01,0.01,d,k,0.2,0.02,0.01,0.01,0.01,0.01,0.01,b,i,0.2,0.02,0.01,0.01,0.01,0.01,0.01,c,j,0.2,0.02,0.01,0.01,0.01,0.01,0.01,d,g,0.2,0.02,0.01,0.01,0.01,0.01,0.01,a,h,0.2,0.02,0.01,0.01,0.01,0.01,0.01,c,f,0.2,0.1,0.02,0.01,0.2,0.1,0.02,0.01,0.1,0.02,0.01,0.02,0.01,0.01,0.01,0.01,0.01,c,f,h,j,m,0.01,0.01,0.01,0.01,









