f,0.2,g,0.15,0.025,0.025,g,0.15,j,0.2,0.2,0.15,i,0.2,0.2,0.025,0.025,0.025,c,0.15,0.025,c,0.15,0.025,c,0.15,0.025,c,0.15,0.025,0.025,c,0.15,0.025,c,0.15,0.025,0.025,c,0.15,0.025,0.025,0.025,c,0.15,0.025,0.025,c,0.15,0.025,c,0.15,0.025,0.025,e,0.2,0.025,f,0.2,0.025,0.025,0.025,f,0.15,0.025,f,0.15,0.025,f,0.15,0.025,0.025,f,0.15,0.025,0.025,0.025,f,0.15,0.025,0.025,f,0.15,0.025,f,0.025,0.025,g,0.15,0.025,0.025,0.025,0.025,i,0.2,0.2,0.2,0.15,g,0.15,0.025,0.025,g,0.15,0.025,0.025,g,0.15,0.025,0.025,g,0.15,0.025,0.025,g,0.15,g,0.15,0.025,0.025,g,0.15,0.025,g,0.15,0.025,0.025,g,0.15,g,0.15,0.025,g,0.15,0.025,0.025,g,0.15,0.025,0.025,g,0.15,0.025,g,0.2,g,0.15,0.025,g,0.15,0.025,0.025,0.025,g,0.025,0.025,f,0.2,0.025,0.025,0.025,g,0.15,0.025,0.025,0.025,0.025,j,0.2,0.2,0.025,0.025,i,0.2,0.2,0.15,c,0.15,0.025,0.025,c,0.15,0.025,0.025,c,0.15,0.025,0.025,c,0.15,0.025,0.025,0.025,c,0.15,0.025,c,0.15,0.025,0.025,0.025,c,0.15,0.025,c,0.15,0.025,0.025,c,0.15,0.025,0.025,c,0.15,e,0.2,f,0.2,f,0.15,0.025,0.025,f,0.15,0.025,f,0.15,0.025,0.025,f,0.15,0.025,f,0.15,0.025,f,0.15,f,0.15,0.025,f,0.025,0.025,g,0.2,0.025,i,0.2,0.2,0.2,0.15,g,0.15,0.025,0.025,g,0.15,0.025,0.025,g,0.15,0.025,0.025,g,0.15,0.025,g,0.15,0.025,g,0.15,0.025,0.025,0.025,g,0.15,0.025,0.025,g,0.15,0.025,0.025,g,0.15,g,0.15,0.025,g,0.15,0.025,g,0.15,0.025,g,0.15,0.025,0.025,g,0.15,0.025,0.025,g,0.15,0.025,0.025,g,0.15,0.025,0.025,g,0.15,0.025,0.025,g,0.15,0.025,0.025,g,0.15,0.025,0.025,g,0.15,0.025,0.025,0.025,g,0.2,0.2,0.025,0.025,f,0.2,0.2,0.15,f,0.2,0.2,0.025,0.025,e,0.15,0.025,0.025,e,0.15,0.025,e,0.15,0.025,e,0.15,0.025,0.025,e,0.15,0.025,0.025,e,0.15,0.025,0.025,e,0.15,0.025,0.025,0.025,e,0.15,0.025,e,0.15,0.025,0.025,e,0.15,0.025,0.025,f,0.8,0.15,g,0.2,0.2,0.2,0.025,0.025,0.025,i,0.2,0.025,g,0.15,0.025,g,0.15,0.025,0.025,g,0.15,0.025,0.025,g,0.15,0.025,g,0.15,0.025,0.025,g,0.15,0.025,0.025,g,0.15,0.025,0.025,0.025,g,0.15,0.025,g,0.15,0.025,0.025,g,0.15,0.025,0.025,g,0.15,0.025,0.025,g,0.15,g,0.15,0.025,0.025,g,0.15,0.025,0.025,g,0.15,0.025,g,0.15,0.025,0.025,g,0.15,j,0.2,0.2,0.025,0.025,j,0.2,0.2,0.025,0.025,j,0.2,0.2,0.15,0.025,f,0.15,0.025,f,0.15,0.025,0.025,0.025,f,0.15,0.025,f,0.2,f,0.15,0.025,f,0.15,0.025,0.025,f,0.15,f,0.15,0.025,0.025,f,0.15,0.025,f,0.025,0.025,e,0.2,0.2,0.15,f,0.2,0.2,0.025,0.025,e,0.2,0.2,0.15,f,0.2,0.2,0.025,g,0.2,0.2,0.025,0.025,0.025,g,0.2,0.2,0.025,0.025,c,0.15,0.025,0.025,0.025,c,0.15,0.025,0.025,c,0.15,0.025,c,0.15,0.025,c,0.15,0.025,c,0.15,0.025,c,0.15,0.025,0.025,0.025,c,0.15,0.025,0.025,c,0.15,0.025,0.025,0.025,c,0.15,0.025,0.025,c,0.15,0.025,0.025,c,0.15,0.025,c,0.15,0.025,0.025,c,0.15,0.025,c,0.15,0.025,0.025,c,0.15,0.025,c,0.15,0.025,c,0.15,0.025,0.025,c,0.15,0.025,0.025,c,0.8,0.2,0.025,0.025,i,0.15,0.025,0.025,0.025,j,0.2,0.025,m,0.2,0.2,0.025,0.025,0.025,l,0.2,0.2,0.025,f,0.15,0.025,0.025,f,0.15,0.025,0.025,f,0.15,0.025,0.025,f,0.15,0.025,0.025,f,0.15,0.025,0.025,f,0.2,f,0.15,0.025,0.025,f,0.15,0.025,0.025,f,0.15,0.025,f,0.025,0.025,0.025,0.025,h,0.2,0.025,0.025,i,0.2,0.025,0.025,0.025,i,0.15,0.025,0.025,i,0.15,0.025,0.025,i,0.15,i,0.15,0.025,0.025,i,0.15,0.025,0.025,i,0.15,0.025,0.025,i,0.025,0.025,0.025,j,0.15,0.025,0.025,0.025,0.025,l,0.2,0.2,0.2,0.15,0.025,j,0.15,0.025,j,0.15,0.025,0.025,j,0.15,0.025,0.025,j,0.15,0.025,j,0.15,0.025,0.025,j,0.15,0.025,j,0.15,0.025,0.025,j,0.15,0.025,j,0.15,0.025,0.025,j,0.15,0.025,0.025,j,0.15,0.025,0.025,j,0.15,0.025,j,0.15,0.025,0.025,j,0.15,0.025,j,0.15,0.025,0.025,j,0.15,0.025,0.025,j,0.15,i,0.2,0.025,0.025,j,0.2,0.025,m,0.2,0.2,0.025,0.025,0.025,0.025,l,0.2,0.2,0.025,0.025,f,0.15,0.025,f,0.15,0.025,0.025,f,0.15,0.025,f,0.15,0.025,0.025,0.025,f,0.15,0.025,0.025,f,0.15,0.025,0.025,f,0.15,0.025,f,0.15,0.025,0.025,f,0.15,0.025,0.025,f,0.025,0.025,0.025,0.025,h,0.2,0.025,0.025,i,0.2,0.025,0.025,i,0.15,0.025,i,0.15,0.025,0.025,i,0.15,0.025,0.025,i,0.15,0.025,0.025,0.025,i,0.15,0.025,0.025,i,0.15,0.025,0.025,i,0.025,0.025,j,0.2,0.025,0.025,l,0.2,0.2,0.2,0.15,j,0.15,0.025,0.025,j,0.15,0.025,j,0.15,0.025,j,0.15,0.025,j,0.15,0.025,j,0.15,0.025,0.025,0.025,j,0.15,0.025,j,0.15,0.025,0.025,0.025,j,0.15,j,0.15,0.025,j,0.15,j,0.15,0.025,0.025,j,0.15,0.025,j,0.15,0.025,0.025,j,0.15,0.025,0.025,j,0.15,0.025,0.025,j,0.2,0.025,j,0.15,0.025,0.025,j,0.15,0.025,0.025,0.025,0.025,j,0.2,0.2,0.025,0.025,0.025,i,0.2,0.2,0.025,0.025,0.025,i,0.2,0.2,0.025,0.025,0.025,0.025,h,0.15,0.025,0.025,h,0.15,0.025,0.025,h,0.15,0.025,0.025,h,0.15,0.025,h,0.15,0.025,0.025,h,0.15,0.025,0.025,h,0.15,0.025,h,0.15,0.025,0.025,h,0.15,0.025,0.025,h,0.15,0.025,0.025,i,0.8,0.15,0.025,0.025,j,0.2,0.2,0.2,0.025,0.025,0.025,l,0.2,0.025,0.025,j,0.15,0.025,0.025,j,0.15,0.025,0.025,j,0.15,0.025,j,0.15,0.025,0.025,j,0.15,0.025,j,0.15,0.025,0.025,j,0.15,0.025,j,0.15,0.025,j,0.15,j,0.15,0.025,j,0.15,0.025,0.025,j,0.15,0.025,j,0.15,0.025,j,0.15,0.025,0.025,0.025,j,0.15,0.025,j,0.15,0.025,j,0.15,0.025,0.025,m,0.2,0.2,0.025,0.025,0.025,m,0.2,0.2,0.025,0.025,0.025,0.025,m,0.2,0.2,0.15,i,0.15,0.025,0.025,i,0.15,0.025,0.025,i,0.15,0.025,i,0.15,0.025,0.025,i,0.15,0.025,i,0.15,0.025,i,0.15,0.025,0.025,i,0.15,0.025,0.025,i,0.15,0.025,0.025,i,0.025,0.025,0.025,h,0.2,0.2,0.025,0.025,i,0.2,0.2,0.025,0.025,0.025,h,0.2,0.2,0.025,0.025,0.025,i,0.2,0.2,0.025,0.025,j,0.2,0.2,0.15,j,0.2,0.2,f,0.15,0.025,f,0.15,0.025,f,0.15,0.025,f,0.15,0.025,f,0.15,0.025,0.025,f,0.15,0.025,f,0.15,0.025,0.025,f,0.15,0.025,0.025,0.025,f,0.15,0.025,f,0.15,0.025,0.025,f,0.15,0.025,f,0.15,0.025,0.025,f,0.15,0.025,f,0.15,0.025,0.025,f,0.15,0.025,f,0.15,0.025,f,0.15,0.025,f,0.15,0.025,f,0.15,0.025,0.025,f,0.15,0.025,f,









