e,0.1,0.02,0.01,h,0.2,0.1,0.02,0.01,0.02,0.01,i,0.1,0.02,0.01,a,d,f,i,0.2,0.1,0.02,0.01,0.02,0.01,j,0.1,0.02,0.01,j,0.2,0.1,0.02,0.01,0.02,0.01,j,0.1,0.02,0.01,d,f,h,j,0.2,0.1,0.02,0.01,0.02,0.01,j,0.2,0.1,0.02,0.01,0.1,0.02,0.01,0.02,0.01,j,0.1,0.02,0.01,b,e,g,0.2,0.1,0.02,0.01,0.02,0.01,i,0.1,0.02,0.01,i,0.2,0.1,0.02,0.01,0.02,0.01,i,0.1,0.02,0.01,e,g,i,0.2,0.1,0.02,0.01,0.02,0.01,i,0.2,0.1,0.02,0.01,0.1,0.02,0.01,0.02,0.01,i,0.1,0.02,0.01,c,f,0.2,0.1,0.02,0.01,0.02,0.01,h,0.1,0.02,0.01,h,0.2,0.1,0.02,0.01,0.02,0.01,h,0.1,0.02,0.01,c,f,h,0.2,0.1,0.02,0.01,0.02,0.01,h,0.2,0.1,0.02,0.01,0.1,0.02,0.01,0.02,0.01,h,0.1,0.02,0.01,c,0.2,0.1,0.02,0.01,0.02,0.01,e,0.1,0.02,0.01,e,0.2,0.1,0.02,0.01,0.02,0.01,e,0.1,0.02,0.01,b,c,0.2,0.1,0.02,0.01,0.02,0.01,e,0.1,0.02,0.01,h,0.2,0.1,0.02,0.01,0.02,0.01,i,0.1,0.02,0.01,a,d,f,i,0.2,0.1,0.02,0.01,0.02,0.01,j,0.1,0.02,0.01,j,0.2,0.1,0.02,0.01,0.02,0.01,j,0.1,0.02,0.01,d,f,h,j,0.2,0.1,0.02,0.01,0.02,0.01,j,0.1,0.02,0.01,j,0.2,0.1,0.02,0.01,0.02,0.01,l,0.1,0.02,0.01,b,e,g,0.2,0.1,0.02,0.01,0.02,0.01,j,0.1,0.02,0.01,j,0.2,0.1,0.02,0.01,0.02,0.01,j,0.1,0.02,0.01,e,g,j,0.2,0.1,0.02,0.01,0.02,0.01,j,0.1,0.02,0.01,i,0.2,0.1,0.02,0.01,0.02,0.01,h,0.1,0.02,0.01,a,h,i,0.2,0.1,0.02,0.01,0.1,0.02,0.01,0.02,0.01,c,j,0.2,0.1,0.02,0.01,0.02,0.01,j,0.1,0.02,0.01,e,0.2,0.1,0.02,0.01,0.1,0.02,0.01,0.02,0.01,c,0.2,0.1,0.02,0.01,0.1,0.02,0.01,0.02,0.01,c,e,h,0.2,0.1,0.02,0.01,0.1,0.02,0.01,0.02,0.01,c,0.2,0.1,0.02,0.01,0.1,0.02,0.01,0.02,0.01,b,e,g,0.2,0.1,0.02,0.01,0.1,0.02,0.01,0.02,0.01,b,i,0.2,0.1,0.02,0.01,0.02,0.01,j,0.1,0.02,0.01,a,d,f,i,0.2,0.1,0.02,0.01,0.02,0.01,h,0.1,0.02,0.01,d,0.2,0.1,0.02,0.01,0.02,0.01,h,0.1,0.02,0.01,d,f,0.2,0.1,0.02,0.01,0.1,0.02,0.01,0.02,0.01,d,0.2,0.1,0.02,0.01,0.1,0.02,0.01,0.02,0.01,a,d,f,0.2,0.1,0.02,0.01,0.1,0.02,0.01,0.02,0.01,d,0.2,0.1,0.02,0.01,0.1,0.02,0.01,0.02,0.01,b,e,g,0.2,0.1,0.02,0.01,0.1,0.02,0.01,0.02,0.01,e,i,0.2,0.1,0.02,0.01,0.02,0.01,j,0.1,0.02,0.01,a,h,i,0.2,0.1,0.02,0.01,0.02,0.01,h,0.1,0.02,0.01,c,0.2,0.1,0.02,0.01,0.02,0.01,h,0.1,0.02,0.01,e,0.2,0.1,0.02,0.01,0.1,0.02,0.01,0.02,0.01,c,0.2,0.1,0.02,0.01,0.1,0.02,0.01,0.02,0.01,a,e,h,0.2,0.1,0.02,0.01,0.2,0.1,0.02,0.01,0.2,0.1,0.02,0.01,0.2,0.1,0.02,0.01,0.2,0.1,0.02,0.01,0.2,0.02,0.01,0.02,0.01,0.01,a,d,f,h,0.2,0.1,0.02,0.01,0.02,0.01,h,0.1,0.02,0.01,h,0.2,0.1,0.02,0.01,0.02,0.01,h,0.1,0.02,0.01,h,0.2,0.1,0.02,0.01,0.1,0.02,0.01,0.02,0.01,h,0.2,0.1,0.02,0.01,0.1,0.02,0.01,0.02,0.01,h,0.2,0.1,0.02,0.01,0.02,0.01,h,0.1,0.02,0.01,g,0.2,0.1,0.02,0.01,0.02,0.01,e,0.1,0.02,0.01,d,0.2,0.1,0.02,0.01,0.1,0.02,0.01,0.02,0.01,a,0.2,0.1,0.02,0.01,0.02,0.01,e,0.1,0.02,0.01,a,c,h,0.2,0.1,0.02,0.01,0.02,0.01,h,0.1,0.02,0.01,h,0.2,0.1,0.02,0.01,0.02,0.01,h,0.1,0.02,0.01,h,0.2,0.1,0.02,0.01,0.1,0.02,0.01,0.02,0.01,h,0.2,0.1,0.02,0.01,0.1,0.02,0.01,0.02,0.01,h,0.2,0.1,0.02,0.01,0.02,0.01,h,0.1,0.02,0.01,g,0.2,0.1,0.02,0.01,0.02,0.01,e,0.1,0.02,0.01,c,0.2,0.1,0.02,0.01,0.1,0.02,0.01,0.02,0.01,a,0.2,0.1,0.02,0.01,0.1,0.02,0.01,0.02,0.01,a,d,f,h,0.2,0.1,0.02,0.01,0.02,0.01,h,0.1,0.02,0.01,h,0.2,0.1,0.02,0.01,0.02,0.01,h,0.1,0.02,0.01,d,h,0.2,0.1,0.02,0.01,0.1,0.02,0.01,0.02,0.01,a,h,0.2,0.1,0.02,0.01,0.1,0.02,0.01,0.02,0.01,b,e,g,i,0.2,0.1,0.02,0.01,0.02,0.01,e,0.2,0.1,0.02,0.01,0.1,0.02,0.01,0.02,0.01,e,0.1,0.02,0.01,b,0.2,0.1,0.02,0.01,0.02,0.01,e,0.1,0.02,0.01,e,0.2,0.1,0.02,0.01,0.02,0.01,c,0.1,0.02,0.01,c,e,0.2,0.1,0.02,0.01,0.1,0.02,0.01,0.02,0.01,f,0.2,0.1,0.02,0.01,0.02,0.01,f,0.1,0.02,0.01,c,0.2,0.1,0.02,0.01,0.2,0.1,0.02,0.01,0.2,0.1,0.01,0.01,b,c,0.2,0.1,0.02,0.01,0.2,0.1,0.02,0.01,0.2,0.1,0.01,0.01,b,0.2,0.1,0.02,0.01,0.2,0.1,0.02,0.01,0.2,0.1,0.01,0.01,a,d,f,h,0.2,0.1,0.02,0.01,0.02,0.01,h,0.1,0.02,0.01,h,0.2,0.1,0.02,0.01,0.02,0.01,h,0.1,0.02,0.01,d,h,0.2,0.1,0.02,0.01,0.1,0.02,0.01,0.02,0.01,a,h,0.2,0.1,0.02,0.01,0.1,0.02,0.01,0.02,0.01,a,d,h,0.2,0.1,0.02,0.01,0.02,0.01,h,0.1,0.02,0.01,g,0.2,0.1,0.02,0.01,0.02,0.01,e,0.1,0.02,0.01,d,0.2,0.1,0.02,0.01,0.1,0.02,0.01,0.02,0.01,a,0.2,0.1,0.02,0.01,0.02,0.01,e,0.1,0.02,0.01,a,c,h,0.2,0.1,0.02,0.01,0.02,0.01,h,0.1,0.02,0.01,h,0.2,0.1,0.02,0.01,0.02,0.01,h,0.1,0.02,0.01,c,h,0.2,0.1,0.02,0.01,0.1,0.02,0.01,0.02,0.01,a,h,0.2,0.1,0.02,0.01,0.1,0.02,0.01,0.02,0.01,a,c,h,0.2,0.1,0.02,0.01,0.02,0.01,h,0.1,0.02,0.01,g,0.2,0.1,0.02,0.01,0.02,0.01,e,0.1,0.02,0.01,c,0.2,0.1,0.02,0.01,0.1,0.02,0.01,0.02,0.01,a,0.2,0.1,0.02,0.01,0.1,0.02,0.01,0.02,0.01,a,d,f,h,0.2,0.1,0.02,0.01,0.02,0.01,h,0.1,0.02,0.01,h,0.2,0.1,0.02,0.01,0.02,0.01,h,0.1,0.02,0.01,d,h,0.2,0.1,0.02,0.01,0.02,0.01,h,0.1,0.02,0.01,a,0.2,0.02,0.01,0.01,h,0.2,0.02,0.01,0.01,b,e,g,i,0.2,0.1,0.02,0.01,0.02,0.01,e,0.2,0.1,0.02,0.01,0.1,0.02,0.01,0.02,0.01,e,0.1,0.02,0.01,b,0.2,0.1,0.02,0.01,0.02,0.01,e,0.1,0.02,0.01,e,0.2,0.1,0.02,0.01,0.02,0.01,c,0.1,0.02,0.01,c,e,0.2,0.1,0.02,0.01,0.1,0.02,0.01,0.02,0.01,f,0.2,0.1,0.02,0.01,0.02,0.01,f,0.1,0.02,0.01,c,0.2,0.1,0.02,0.01,0.1,0.02,0.01,0.02,0.01,g,0.2,0.1,0.02,0.01,0.1,0.02,0.01,0.02,0.01,c,h,0.2,0.1,0.02,0.01,0.1,0.02,0.01,0.02,0.01,c,0.2,0.1,0.02,0.01,0.1,0.02,0.01,0.02,0.01,b,g,0.2,0.1,0.02,0.01,0.1,0.02,0.01,0.02,0.01,b,0.2,0.1,0.02,0.01,0.1,0.02,0.01,0.02,0.01,a,d,f,0.2,0.1,0.02,0.01,0.1,0.02,0.01,0.02,0.01,a,0.2,0.1,0.02,0.01,0.1,0.02,0.01,0.02,0.01,a,d,0.2,0.1,0.02,0.01,0.02,0.01,f,0.1,0.02,0.01,a,f,0.2,0.1,0.02,0.01,0.02,0.01,e,0.1,0.02,0.01,b,e,f,0.2,0.1,0.02,0.01,0.02,0.01,g,0.1,0.02,0.01,b,g,0.2,0.1,0.02,0.01,0.02,0.01,g,0.1,0.02,0.01,b,e,0.2,0.1,0.02,0.01,0.02,0.01,g,0.1,0.02,0.01,b,g,0.2,0.1,0.02,0.01,0.02,0.01,f,0.1,0.02,0.01,c,f,g,0.2,0.1,0.02,0.01,0.02,0.01,h,0.1,0.02,0.01,c,h,0.2,0.1,0.02,0.01,0.02,0.01,h,0.1,0.02,0.01,c,0.2,0.1,0.02,0.01,0.02,0.01,e,0.1,0.02,0.01,c,e,0.2,0.1,0.02,0.01,0.02,0.01,c,0.1,0.02,0.01,c,e,0.2,0.1,0.02,0.01,0.1,0.02,0.01,0.02,0.01,c,f,0.2,0.1,0.02,0.01,0.02,0.01,f,0.1,0.02,0.01,b,c,0.2,0.1,0.02,0.01,0.1,0.02,0.01,0.02,0.01,c,0.2,0.1,0.02,0.01,0.1,0.02,0.01,0.02,0.01,a,d,f,0.2,0.1,0.02,0.01,0.1,0.02,0.01,0.02,0.01,a,0.2,0.1,0.02,0.01,0.1,0.02,0.01,0.02,0.01,a,d,0.2,0.1,0.02,0.01,0.02,0.01,f,0.1,0.02,0.01,a,f,0.2,0.1,0.02,0.01,0.02,0.01,e,0.1,0.02,0.01,b,e,f,0.2,0.1,0.02,0.01,0.02,0.01,g,0.1,0.02,0.01,b,g,0.2,0.1,0.02,0.01,0.02,0.01,g,0.1,0.02,0.01,b,e,0.2,0.1,0.02,0.01,0.02,0.01,g,0.1,0.02,0.01,b,g,0.2,0.1,0.02,0.01,0.02,0.01,f,0.1,0.02,0.01,a,g,0.2,0.1,0.02,0.01,0.1,0.02,0.01,0.02,0.01,c,h,0.2,0.1,0.02,0.01,0.02,0.01,h,0.1,0.02,0.01,e,0.2,0.1,0.02,0.01,0.1,0.02,0.01,0.02,0.01,c,0.2,0.1,0.02,0.01,0.1,0.02,0.01,0.02,0.01,c,h,0.2,0.1,0.02,0.01,0.1,0.02,0.01,0.02,0.01,c,0.2,0.1,0.02,0.01,0.1,0.02,0.01,0.02,0.01,b,g,0.2,0.1,0.02,0.01,0.1,0.02,0.01,0.02,0.01,b,i,0.2,0.1,0.02,0.01,0.02,0.01,j,0.1,0.02,0.01,a,d,f,i,0.2,0.1,0.02,0.01,0.02,0.01,h,0.1,0.02,0.01,d,0.2,0.1,0.02,0.01,0.02,0.01,f,0.1,0.02,0.01,a,d,0.2,0.1,0.02,0.01,0.1,0.02,0.01,0.02,0.01,f,i,0.2,0.1,0.02,0.01,0.02,0.01,j,0.1,0.02,0.01,b,e,g,i,0.2,0.1,0.02,0.01,0.02,0.01,h,0.1,0.02,0.01,e,0.2,0.1,0.02,0.01,0.02,0.01,f,0.1,0.02,0.01,b,e,0.2,0.1,0.02,0.01,0.1,0.02,0.01,0.02,0.01,g,i,0.2,0.1,0.02,0.01,0.02,0.01,j,0.1,0.02,0.01,c,f,i,0.2,0.1,0.02,0.01,0.1,0.02,0.01,0.02,0.01,c,h,0.2,0.1,0.02,0.01,0.02,0.01,e,0.1,0.02,0.01,c,0.2,0.1,0.02,0.01,0.02,0.01,e,0.1,0.02,0.01,c,e,0.2,0.1,0.02,0.01,0.02,0.01,c,0.1,0.02,0.01,c,e,0.2,0.1,0.02,0.01,0.1,0.02,0.01,0.02,0.01,c,f,0.2,0.1,0.02,0.01,0.02,0.01,f,0.1,0.02,0.01,b,c,0.2,0.1,0.02,0.01,0.1,0.02,0.01,0.02,0.01,c,f,j,0.2,0.1,0.02,0.01,0.1,0.02,0.01,0.02,0.01,a,d,f,i,0.2,0.1,0.02,0.01,0.1,0.02,0.01,0.02,0.01,d,h,0.2,0.1,0.02,0.01,0.02,0.01,f,0.1,0.02,0.01,a,d,0.2,0.1,0.02,0.01,0.1,0.02,0.01,0.02,0.01,d,f,i,0.2,0.1,0.02,0.01,0.02,0.01,j,0.1,0.02,0.01,b,e,g,i,0.2,0.1,0.02,0.01,0.02,0.01,h,0.1,0.02,0.01,e,0.2,0.1,0.02,0.01,0.02,0.01,f,0.1,0.02,0.01,b,e,f,0.2,0.1,0.02,0.01,0.02,0.01,f,0.1,0.02,0.01,e,i,0.2,0.1,0.02,0.01,0.1,0.02,0.01,0.02,0.01,a,d,e,h,0.2,0.1,0.02,0.01,0.1,0.02,0.01,0.02,0.01,d,0.2,0.1,0.02,0.01,0.1,0.02,0.01,0.02,0.01,a,b,0.2,0.1,0.02,0.01,0.1,0.02,0.01,0.02,0.01,b,0.2,0.1,0.02,0.01,0.1,0.02,0.01,0.02,0.01,a,c,0.2,0.1,0.02,0.01,0.1,0.02,0.01,0.02,0.01,c,0.2,0.1,0.02,0.01,0.1,0.02,0.01,0.02,0.01,a,0.2,0.1,0.02,0.01,0.02,0.01,e,0.1,0.02,0.01,h,0.2,0.1,0.02,0.01,0.02,0.01,i,0.1,0.02,0.01,a,d,f,i,0.2,0.1,0.02,0.01,0.02,0.01,j,0.1,0.02,0.01,d,j,0.2,0.1,0.02,0.01,0.02,0.01,j,0.1,0.02,0.01,d,f,h,j,0.2,0.1,0.02,0.01,0.02,0.01,j,0.1,0.02,0.01,d,0.2,0.1,0.02,0.01,0.02,0.01,j,0.1,0.02,0.01,b,e,g,0.2,0.1,0.02,0.01,0.02,0.01,i,0.1,0.02,0.01,e,i,0.2,0.1,0.02,0.01,0.02,0.01,i,0.1,0.02,0.01,e,g,i,0.2,0.1,0.02,0.01,0.02,0.01,i,0.1,0.02,0.01,e,0.2,0.1,0.02,0.01,0.02,0.01,i,0.1,0.02,0.01,c,f,0.2,0.1,0.02,0.01,0.02,0.01,h,0.1,0.02,0.01,c,h,0.2,0.1,0.02,0.01,0.02,0.01,h,0.1,0.02,0.01,c,f,h,0.2,0.1,0.02,0.01,0.02,0.01,h,0.1,0.02,0.01,c,0.2,0.1,0.02,0.01,0.02,0.01,h,0.1,0.02,0.01,c,0.2,0.1,0.02,0.01,0.02,0.01,e,0.1,0.02,0.01,c,e,0.2,0.1,0.02,0.01,0.02,0.01,e,0.1,0.02,0.01,b,c,0.2,0.1,0.02,0.01,0.02,0.01,e,0.1,0.02,0.01,c,h,0.2,0.1,0.02,0.01,0.02,0.01,i,0.1,0.02,0.01,a,d,f,i,0.2,0.1,0.02,0.01,0.02,0.01,j,0.1,0.02,0.01,d,j,0.2,0.1,0.02,0.01,0.02,0.01,j,0.1,0.02,0.01,d,f,h,j,0.2,0.1,0.02,0.01,0.02,0.01,j,0.1,0.02,0.01,d,j,0.2,0.1,0.02,0.01,0.02,0.01,l,0.1,0.02,0.01,b,e,g,0.2,0.1,0.02,0.01,0.02,0.01,j,0.1,0.02,0.01,e,j,0.2,0.1,0.02,0.01,0.02,0.01,j,0.1,0.02,0.01,e,g,j,0.2,0.1,0.02,0.01,0.02,0.01,j,0.1,0.02,0.01,e,i,0.2,0.1,0.02,0.01,0.02,0.01,h,0.1,0.02,0.01,a,h,i,0.2,0.1,0.02,0.01,0.1,0.02,0.01,0.02,0.01,c,j,0.2,0.1,0.02,0.01,0.02,0.01,j,0.1,0.02,0.01,e,0.2,0.1,0.02,0.01,0.1,0.02,0.01,0.02,0.01,c,0.2,0.1,0.02,0.01,0.1,0.02,0.01,0.02,0.01,c,h,0.2,0.1,0.02,0.01,0.1,0.02,0.01,0.02,0.01,c,0.2,0.1,0.02,0.01,0.1,0.02,0.01,0.02,0.01,b,g,0.2,0.1,0.02,0.01,0.02,0.01,e,0.1,0.02,0.01,b,h,0.2,0.1,0.02,0.01,0.02,0.01,i,0.1,0.02,0.01,a,d,f,i,0.2,0.1,0.02,0.01,0.02,0.01,j,0.1,0.02,0.01,d,j,0.2,0.1,0.02,0.01,0.02,0.01,j,0.1,0.02,0.01,d,f,h,j,0.2,0.1,0.02,0.01,0.02,0.01,j,0.1,0.02,0.01,d,0.2,0.1,0.02,0.01,0.02,0.01,j,0.1,0.02,0.01,b,e,g,0.2,0.1,0.02,0.01,0.02,0.01,i,0.1,0.02,0.01,e,i,0.2,0.1,0.02,0.01,0.02,0.01,i,0.1,0.02,0.01,e,g,i,0.2,0.1,0.02,0.01,0.02,0.01,i,0.1,0.02,0.01,e,0.2,0.1,0.02,0.01,0.02,0.01,i,0.1,0.02,0.01,c,f,0.2,0.1,0.02,0.01,0.02,0.01,h,0.1,0.02,0.01,c,h,0.2,0.1,0.02,0.01,0.02,0.01,h,0.1,0.02,0.01,c,f,h,0.2,0.1,0.02,0.01,0.02,0.01,h,0.1,0.02,0.01,c,0.2,0.1,0.02,0.01,0.02,0.01,h,0.1,0.02,0.01,c,0.2,0.1,0.02,0.01,0.02,0.01,e,0.1,0.02,0.01,c,e,0.2,0.1,0.02,0.01,0.02,0.01,e,0.1,0.02,0.01,b,c,0.2,0.1,0.02,0.01,0.02,0.01,e,0.1,0.02,0.01,c,h,0.2,0.1,0.02,0.01,0.02,0.01,i,0.1,0.02,0.01,a,d,f,i,0.2,0.1,0.02,0.01,0.02,0.01,j,0.1,0.02,0.01,d,j,0.2,0.1,0.02,0.01,0.02,0.01,j,0.1,0.02,0.01,d,f,h,j,0.2,0.1,0.02,0.01,0.02,0.01,j,0.1,0.02,0.01,d,j,0.2,0.1,0.02,0.01,0.02,0.01,l,0.1,0.02,0.01,b,e,g,0.2,0.1,0.02,0.01,0.02,0.01,j,0.1,0.02,0.01,e,j,0.2,0.1,0.02,0.01,0.02,0.01,j,0.1,0.02,0.01,e,g,j,0.2,0.1,0.02,0.01,0.02,0.01,j,0.1,0.02,0.01,e,i,0.2,0.1,0.02,0.01,0.02,0.01,h,0.1,0.02,0.01,a,h,i,0.2,0.1,0.02,0.01,0.1,0.02,0.01,0.02,0.01,c,j,0.2,0.1,0.02,0.01,0.02,0.01,j,0.1,0.02,0.01,e,0.2,0.1,0.02,0.01,0.1,0.02,0.01,0.02,0.01,c,0.2,0.1,0.02,0.01,0.1,0.02,0.01,0.02,0.01,c,h,0.2,0.1,0.02,0.01,0.1,0.02,0.01,0.02,0.01,c,0.2,0.1,0.02,0.01,0.1,0.02,0.01,0.02,0.01,b,g,0.2,0.1,0.02,0.01,0.1,0.02,0.01,0.02,0.01,b,i,0.2,0.1,0.02,0.01,0.02,0.01,j,0.1,0.02,0.01,a,d,h,i,0.2,0.1,0.02,0.01,0.02,0.01,h,0.1,0.02,0.01,d,0.2,0.1,0.02,0.01,0.02,0.01,h,0.1,0.02,0.01,d,f,0.2,0.1,0.02,0.01,0.1,0.02,0.01,0.02,0.01,d,0.2,0.1,0.02,0.01,0.1,0.02,0.01,0.02,0.01,a,d,f,0.2,0.1,0.02,0.01,0.1,0.02,0.01,0.02,0.01,a,0.2,0.1,0.02,0.01,0.1,0.02,0.01,0.02,0.01,b,e,g,0.2,0.1,0.02,0.01,0.1,0.02,0.01,0.02,0.01,b,i,0.2,0.1,0.02,0.01,0.02,0.01,j,0.1,0.02,0.01,a,h,i,0.2,0.1,0.02,0.01,0.02,0.01,h,0.1,0.02,0.01,c,0.2,0.1,0.02,0.01,0.02,0.01,h,0.1,0.02,0.01,e,0.2,0.1,0.02,0.01,0.1,0.02,0.01,0.02,0.01,c,0.2,0.1,0.02,0.01,0.1,0.02,0.01,0.02,0.01,a,e,h,0.2,0.1,0.02,0.01,0.2,0.1,0.02,0.01,0.2,0.1,0.02,0.01,0.2,0.1,0.02,0.01,0.2,0.1,0.02,0.01,0.2,0.02,0.01,0.02,0.01,0.01,a,d,f,h,m,0.2,0.1,0.02,0.01,0.1,0.02,0.01,0.02,0.01,a,d,f,h,0.2,0.1,0.02,0.01,0.1,0.02,0.01,0.02,0.01,a,d,f,h,0.2,0.1,0.02,0.01,0.02,0.01,d,h,m,0.1,0.02,0.01,a,d,f,h,m,0.2,0.1,0.02,0.01,0.02,0.01,d,h,l,0.1,0.02,0.01,b,e,g,i,m,0.2,0.1,0.02,0.01,0.02,0.01,e,i,n,0.1,0.02,0.01,b,e,g,i,n,0.2,0.1,0.02,0.01,0.02,0.01,e,i,n,0.1,0.02,0.01,b,e,g,i,0.2,0.1,0.02,0.01,0.02,0.01,e,i,n,0.1,0.02,0.01,b,e,g,i,n,0.2,0.1,0.02,0.01,0.02,0.01,e,i,m,0.1,0.02,0.01,c,f,h,i,n,0.2,0.1,0.02,0.01,0.02,0.01,j,o,0.1,0.02,0.01,c,f,h,j,o,0.2,0.1,0.02,0.01,0.02,0.01,j,o,0.1,0.02,0.01,c,f,h,0.2,0.1,0.02,0.01,0.02,0.01,j,l,0.1,0.02,0.01,c,f,h,j,l,0.2,0.1,0.02,0.01,0.02,0.01,j,0.1,0.02,0.01,c,f,h,j,l,0.2,0.1,0.02,0.01,0.1,0.02,0.01,0.02,0.01,c,f,h,j,m,0.2,0.1,0.02,0.01,0.02,0.01,j,m,0.1,0.02,0.01,b,e,g,0.2,0.1,0.02,0.01,0.1,0.02,0.01,0.02,0.01,b,g,0.2,0.1,0.02,0.01,0.1,0.02,0.01,0.02,0.01,a,d,f,h,m,0.2,0.1,0.02,0.01,0.1,0.02,0.01,0.02,0.01,a,d,f,h,0.2,0.1,0.02,0.01,0.1,0.02,0.01,0.02,0.01,a,d,f,h,0.2,0.1,0.02,0.01,0.02,0.01,d,h,m,0.1,0.02,0.01,a,d,f,h,m,0.2,0.1,0.02,0.01,0.02,0.01,d,h,l,0.1,0.02,0.01,b,e,g,i,m,0.2,0.1,0.02,0.01,0.02,0.01,e,i,n,0.1,0.02,0.01,b,e,g,i,n,0.2,0.1,0.02,0.01,0.02,0.01,e,i,n,0.1,0.02,0.01,b,e,g,i,0.2,0.1,0.02,0.01,0.02,0.01,e,i,n,0.1,0.02,0.01,b,e,g,i,n,0.2,0.1,0.02,0.01,0.02,0.01,e,i,m,0.1,0.02,0.01,a,c,e,h,i,n,0.2,0.1,0.02,0.01,0.1,0.02,0.01,0.02,0.01,a,c,e,h,j,o,0.2,0.1,0.02,0.01,0.02,0.01,e,j,o,0.1,0.02,0.01,a,c,h,0.2,0.1,0.02,0.01,0.1,0.02,0.01,0.02,0.01,a,c,h,0.2,0.1,0.02,0.01,0.1,0.02,0.01,0.02,0.01,c,e,h,0.2,0.1,0.02,0.01,0.1,0.02,0.01,0.02,0.01,c,0.2,0.1,0.02,0.01,0.1,0.02,0.01,0.02,0.01,b,e,g,0.2,0.1,0.02,0.01,0.1,0.02,0.01,0.02,0.01,b,i,0.2,0.1,0.02,0.01,0.02,0.01,j,0.1,0.02,0.01,a,d,f,i,0.2,0.1,0.02,0.01,0.02,0.01,h,0.1,0.02,0.01,d,0.2,0.1,0.02,0.01,0.02,0.01,f,0.1,0.02,0.01,a,d,0.2,0.1,0.02,0.01,0.1,0.02,0.01,0.02,0.01,f,i,0.2,0.1,0.02,0.01,0.02,0.01,j,0.1,0.02,0.01,b,e,g,i,0.2,0.1,0.02,0.01,0.02,0.01,h,0.1,0.02,0.01,e,0.2,0.1,0.02,0.01,0.02,0.01,f,0.1,0.02,0.01,b,e,0.2,0.1,0.02,0.01,0.1,0.02,0.01,0.02,0.01,g,i,0.2,0.1,0.02,0.01,0.02,0.01,j,0.1,0.02,0.01,c,f,i,0.2,0.1,0.02,0.01,0.1,0.02,0.01,0.02,0.01,c,h,0.2,0.1,0.02,0.01,0.02,0.01,e,0.1,0.02,0.01,c,0.2,0.1,0.02,0.01,0.02,0.01,e,0.1,0.02,0.01,c,e,0.2,0.1,0.02,0.01,0.02,0.01,c,0.1,0.02,0.01,c,e,0.2,0.1,0.02,0.01,0.1,0.02,0.01,0.02,0.01,c,f,0.2,0.1,0.02,0.01,0.02,0.01,f,0.1,0.02,0.01,b,c,0.2,0.1,0.02,0.01,0.1,0.02,0.01,0.02,0.01,c,f,j,0.2,0.1,0.02,0.01,0.1,0.02,0.01,0.02,0.01,a,d,f,i,0.2,0.1,0.02,0.01,0.1,0.02,0.01,0.02,0.01,d,h,0.2,0.1,0.02,0.01,0.02,0.01,f,0.1,0.02,0.01,a,d,0.2,0.1,0.02,0.01,0.1,0.02,0.01,0.02,0.01,d,f,i,0.2,0.1,0.02,0.01,0.02,0.01,j,0.1,0.02,0.01,b,e,g,i,0.2,0.1,0.02,0.01,0.02,0.01,h,0.1,0.02,0.01,e,0.2,0.1,0.02,0.01,0.02,0.01,f,0.1,0.02,0.01,b,e,f,0.2,0.1,0.02,0.01,0.02,0.01,f,0.1,0.02,0.01,e,i,0.2,0.1,0.02,0.01,0.1,0.02,0.01,0.02,0.01,a,d,e,h,0.2,0.1,0.02,0.01,0.1,0.02,0.01,0.02,0.01,d,0.2,0.1,0.02,0.01,0.1,0.02,0.01,0.02,0.01,a,b,0.2,0.1,0.02,0.01,0.1,0.02,0.01,0.02,0.01,b,0.2,0.1,0.02,0.01,0.1,0.02,0.01,0.02,0.01,a,c,0.2,0.1,0.02,0.01,0.1,0.02,0.01,0.02,0.01,c,0.2,0.1,0.02,0.01,0.1,0.02,0.01,0.02,0.01,a,0.2,0.1,0.02,0.01,0.02,0.01,e,0.1,0.02,0.01,h,0.2,0.1,0.02,0.01,0.02,0.01,i,0.1,0.02,0.01,a,d,f,i,0.2,0.1,0.02,0.01,0.02,0.01,h,j,0.1,0.02,0.01,d,h,j,0.2,0.1,0.02,0.01,0.02,0.01,h,j,0.1,0.02,0.01,d,f,h,j,0.2,0.1,0.02,0.01,0.02,0.01,h,j,0.1,0.02,0.01,d,0.2,0.1,0.02,0.01,0.02,0.01,h,j,0.1,0.02,0.01,b,e,0.2,0.1,0.02,0.01,0.02,0.01,g,i,0.1,0.02,0.01,e,g,i,0.2,0.1,0.02,0.01,0.02,0.01,g,i,0.1,0.02,0.01,b,e,g,i,0.2,0.1,0.02,0.01,0.02,0.01,g,i,0.1,0.02,0.01,e,0.2,0.1,0.02,0.01,0.02,0.01,g,i,0.1,0.02,0.01,c,f,0.2,0.1,0.02,0.01,0.02,0.01,h,0.1,0.02,0.01,c,h,0.2,0.1,0.02,0.01,0.02,0.01,h,0.1,0.02,0.01,c,f,h,0.2,0.1,0.02,0.01,0.02,0.01,h,0.1,0.02,0.01,c,0.2,0.1,0.02,0.01,0.02,0.01,h,0.1,0.02,0.01,c,0.2,0.1,0.02,0.01,0.02,0.01,e,0.1,0.02,0.01,c,e,0.2,0.1,0.02,0.01,0.02,0.01,e,0.1,0.02,0.01,b,c,0.2,0.1,0.02,0.01,0.02,0.01,e,0.1,0.02,0.01,c,h,0.2,0.1,0.02,0.01,0.02,0.01,i,0.1,0.02,0.01,a,d,f,i,0.2,0.1,0.02,0.01,0.02,0.01,h,j,0.1,0.02,0.01,d,h,j,0.2,0.1,0.02,0.01,0.02,0.01,h,j,0.1,0.02,0.01,d,f,h,j,0.2,0.1,0.02,0.01,0.02,0.01,h,j,0.1,0.02,0.01,d,h,j,0.2,0.1,0.02,0.01,0.02,0.01,i,l,0.1,0.02,0.01,b,e,0.2,0.1,0.02,0.01,0.02,0.01,g,j,0.1,0.02,0.01,e,g,j,0.2,0.1,0.02,0.01,0.02,0.01,g,j,0.1,0.02,0.01,b,e,g,j,0.2,0.1,0.02,0.01,0.02,0.01,j,0.1,0.02,0.01,e,i,0.2,0.1,0.02,0.01,0.02,0.01,h,0.1,0.02,0.01,a,h,i,0.2,0.1,0.02,0.01,0.1,0.02,0.01,0.02,0.01,c,h,j,0.2,0.1,0.02,0.01,0.02,0.01,h,j,0.1,0.02,0.01,e,0.2,0.1,0.02,0.01,0.1,0.02,0.01,0.02,0.01,c,0.2,0.1,0.02,0.01,0.1,0.02,0.01,0.02,0.01,c,e,h,o,0.2,0.1,0.02,0.01,0.1,0.02,0.01,0.02,0.01,c,0.2,0.1,0.02,0.01,0.1,0.02,0.01,0.02,0.01,b,e,g,n,0.2,0.1,0.02,0.01,0.02,0.01,e,0.1,0.02,0.01,b,h,0.2,0.1,0.02,0.01,0.02,0.01,i,0.1,0.02,0.01,a,d,f,i,0.2,0.1,0.02,0.01,0.02,0.01,h,j,0.1,0.02,0.01,d,h,j,0.2,0.1,0.02,0.01,0.02,0.01,h,j,0.1,0.02,0.01,d,f,h,j,0.2,0.1,0.02,0.01,0.02,0.01,h,j,0.1,0.02,0.01,d,0.2,0.1,0.02,0.01,0.02,0.01,h,j,0.1,0.02,0.01,b,e,0.2,0.1,0.02,0.01,0.02,0.01,g,i,0.1,0.02,0.01,e,g,i,0.2,0.1,0.02,0.01,0.02,0.01,g,i,0.1,0.02,0.01,b,e,g,i,0.2,0.1,0.02,0.01,0.02,0.01,g,i,0.1,0.02,0.01,e,0.2,0.1,0.02,0.01,0.02,0.01,g,i,0.1,0.02,0.01,c,f,0.2,0.1,0.02,0.01,0.02,0.01,h,0.1,0.02,0.01,c,h,0.2,0.1,0.02,0.01,0.02,0.01,h,0.1,0.02,0.01,c,f,h,0.2,0.1,0.02,0.01,0.02,0.01,h,0.1,0.02,0.01,c,0.2,0.1,0.02,0.01,0.02,0.01,h,0.1,0.02,0.01,c,0.2,0.1,0.02,0.01,0.02,0.01,e,0.1,0.02,0.01,c,e,0.2,0.1,0.02,0.01,0.02,0.01,e,0.1,0.02,0.01,b,c,0.2,0.1,0.02,0.01,0.02,0.01,e,0.1,0.02,0.01,c,h,0.2,0.1,0.02,0.01,0.02,0.01,i,0.1,0.02,0.01,a,d,f,i,0.2,0.1,0.02,0.01,0.02,0.01,h,j,0.1,0.02,0.01,d,h,j,0.2,0.1,0.02,0.01,0.02,0.01,h,j,0.1,0.02,0.01,d,f,h,j,0.2,0.1,0.02,0.01,0.02,0.01,h,j,0.1,0.02,0.01,d,h,j,0.2,0.1,0.02,0.01,0.02,0.01,i,l,0.1,0.02,0.01,b,e,0.2,0.1,0.02,0.01,0.02,0.01,g,j,0.1,0.02,0.01,e,g,j,0.2,0.1,0.02,0.01,0.02,0.01,g,j,0.1,0.02,0.01,b,e,g,j,0.2,0.1,0.02,0.01,0.02,0.01,j,0.1,0.02,0.01,e,i,0.2,0.1,0.02,0.01,0.02,0.01,h,0.1,0.02,0.01,a,h,i,0.2,0.1,0.02,0.01,0.1,0.02,0.01,0.02,0.01,c,h,j,0.2,0.1,0.02,0.01,0.02,0.01,h,j,0.1,0.02,0.01,e,0.2,0.1,0.02,0.01,0.1,0.02,0.01,0.02,0.01,c,0.2,0.1,0.02,0.01,0.1,0.02,0.01,0.02,0.01,c,e,h,o,0.2,0.1,0.02,0.01,0.1,0.02,0.01,0.02,0.01,c,0.2,0.1,0.02,0.01,0.1,0.02,0.01,0.02,0.01,b,e,g,n,0.2,0.1,0.02,0.01,0.1,0.02,0.01,0.02,0.01,b,i,0.2,0.1,0.02,0.01,0.02,0.01,j,0.1,0.02,0.01,a,d,h,i,0.2,0.1,0.02,0.01,0.02,0.01,h,0.1,0.02,0.01,d,0.2,0.1,0.02,0.01,0.02,0.01,h,0.1,0.02,0.01,d,f,0.2,0.1,0.02,0.01,0.1,0.02,0.01,0.02,0.01,d,0.2,0.1,0.02,0.01,0.1,0.02,0.01,0.02,0.01,a,d,f,m,0.2,0.1,0.02,0.01,0.1,0.02,0.01,0.02,0.01,a,0.2,0.1,0.02,0.01,0.1,0.02,0.01,0.02,0.01,b,e,g,n,0.2,0.1,0.02,0.01,0.1,0.02,0.01,0.02,0.01,b,i,0.2,0.1,0.02,0.01,0.02,0.01,j,0.1,0.02,0.01,a,h,i,0.2,0.1,0.02,0.01,0.02,0.01,h,0.1,0.02,0.01,c,0.2,0.1,0.02,0.01,0.02,0.01,h,0.1,0.02,0.01,e,0.2,0.1,0.02,0.01,0.1,0.02,0.01,0.02,0.01,c,0.2,0.1,0.02,0.01,0.1,0.02,0.01,0.02,0.01,c,e,h,o,0.2,0.1,0.02,0.01,0.1,0.02,0.01,0.02,0.01,c,0.2,0.1,0.02,0.01,0.1,0.02,0.01,0.02,0.01,a,0.2,0.1,0.02,0.01,0.1,0.02,0.01,0.02,0.01,i,0.2,0.1,0.02,0.01,0.02,0.01,j,0.1,0.02,0.01,a,d,f,i,0.2,0.1,0.02,0.01,0.02,0.01,h,0.1,0.02,0.01,d,0.2,0.1,0.02,0.01,0.02,0.01,h,0.1,0.02,0.01,d,f,0.2,0.1,0.02,0.01,0.1,0.02,0.01,0.02,0.01,d,0.2,0.1,0.02,0.01,0.1,0.02,0.01,0.02,0.01,a,d,f,m,0.2,0.1,0.02,0.01,0.2,0.1,0.02,0.01,0.2,0.1,0.01,0.01,b,e,g,n,0.2,0.1,0.02,0.01,0.1,0.02,0.01,0.02,0.01,i,0.2,0.1,0.02,0.01,0.02,0.01,j,0.1,0.02,0.01,a,i,0.2,0.1,0.02,0.01,0.02,0.01,h,0.1,0.02,0.01,c,0.2,0.1,0.02,0.01,0.02,0.01,h,0.1,0.02,0.01,e,0.2,0.1,0.02,0.01,0.1,0.02,0.01,0.02,0.01,c,0.2,0.1,0.02,0.01,0.1,0.02,0.01,0.02,0.01,c,e,h,o,0.2,0.1,0.02,0.01,0.1,0.02,0.01,0.02,0.01,h,0.2,0.1,0.02,0.01,0.1,0.02,0.01,0.02,0.01,a,0.01,0.01,0.01,0.01,









