a,d,h,0.2,0.1,0.02,0.01,0.02,0.01,0.02,0.01,0.01,l,0.2,0.1,0.02,0.01,0.02,0.01,0.02,0.01,0.01,j,0.2,0.01,0.01,0.01,i,0.2,0.1,0.02,0.01,0.02,0.01,0.02,0.01,0.01,h,0.2,0.01,0.01,0.01,b,e,0.2,0.01,0.01,0.01,h,0.2,0.01,0.01,0.01,l,0.2,0.1,0.02,0.01,0.02,0.01,0.02,0.01,0.01,j,0.2,0.1,0.02,0.01,0.2,0.1,0.02,0.01,0.1,0.02,0.01,0.01,c,f,h,0.2,0.1,0.02,0.01,0.02,0.01,0.02,0.01,0.01,l,0.2,0.1,0.02,0.01,0.02,0.01,0.02,0.01,0.01,j,0.2,0.01,0.01,0.01,i,0.2,0.1,0.02,0.01,0.02,0.01,0.02,0.01,0.01,g,0.2,0.01,0.01,0.01,a,c,0.2,0.01,0.01,0.01,g,0.2,0.01,0.01,0.01,l,0.2,0.1,0.02,0.01,0.02,0.01,0.02,0.01,0.01,j,0.2,0.1,0.02,0.01,0.02,0.01,0.02,0.01,0.01,a,d,0.2,0.1,0.02,0.01,0.02,0.01,0.02,0.01,0.01,h,0.2,0.01,0.01,0.01,a,d,g,0.2,0.01,0.01,0.01,a,d,h,0.2,0.1,0.02,0.01,0.02,0.01,0.02,0.01,0.01,a,d,h,0.2,0.01,0.01,0.01,g,0.2,0.01,0.01,0.01,b,e,h,0.2,0.01,0.01,0.01,b,e,i,0.2,0.1,0.02,0.01,0.02,0.01,0.02,0.01,0.01,b,e,i,0.2,0.01,0.01,0.01,b,e,0.2,0.1,0.02,0.01,0.02,0.01,0.02,0.01,0.01,b,e,0.2,0.1,0.02,0.01,0.02,0.01,0.02,0.01,0.01,c,f,i,0.2,0.01,0.01,0.01,j,0.2,0.1,0.02,0.01,0.02,0.01,0.02,0.01,0.01,c,f,j,0.2,0.01,0.01,0.01,c,f,0.2,0.1,0.02,0.01,0.02,0.01,0.02,0.01,0.01,c,f,0.2,0.01,0.01,0.01,j,0.2,0.01,0.01,0.01,c,f,j,0.2,0.1,0.02,0.01,0.02,0.01,0.02,0.01,0.01,g,0.2,0.01,0.01,0.01,a,c,g,0.2,0.01,0.01,0.01,a,c,0.2,0.01,0.01,0.01,e,0.2,0.01,0.01,0.01,a,c,0.2,0.01,0.01,0.01,h,0.2,0.01,0.01,0.01,a,d,0.2,0.01,0.01,0.01,h,0.2,0.01,0.01,0.01,a,d,g,0.2,0.01,0.01,0.01,a,d,h,0.2,0.1,0.02,0.01,0.02,0.01,0.02,0.01,0.01,a,d,h,0.2,0.01,0.01,0.01,g,0.2,0.01,0.01,0.01,b,e,h,0.2,0.01,0.01,0.01,b,e,i,0.2,0.1,0.02,0.01,0.02,0.01,0.02,0.01,0.01,b,e,i,0.2,0.01,0.01,0.01,b,e,0.2,0.1,0.02,0.01,0.02,0.01,0.02,0.01,0.01,b,e,0.2,0.1,0.02,0.01,0.02,0.01,0.02,0.01,0.01,c,f,i,0.2,0.01,0.01,0.01,j,0.2,0.1,0.02,0.01,0.02,0.01,0.02,0.01,0.01,c,f,j,0.2,0.01,0.01,0.01,c,f,0.2,0.1,0.02,0.01,0.02,0.01,0.02,0.01,0.01,c,f,0.2,0.1,0.02,0.01,0.02,0.01,0.02,0.01,0.01,c,f,i,0.2,0.01,0.01,0.01,j,0.2,0.1,0.02,0.01,0.02,0.01,0.02,0.01,0.01,c,f,j,0.2,0.01,0.01,0.01,c,f,0.2,0.01,0.01,0.01,k,0.2,0.01,0.01,0.01,c,f,j,0.2,0.1,0.02,0.01,0.02,0.01,0.02,0.01,0.01,a,d,0.2,0.1,0.02,0.01,0.02,0.01,0.02,0.01,0.01,j,0.2,0.01,0.01,0.01,a,d,i,0.2,0.01,0.01,0.01,a,d,j,0.2,0.1,0.02,0.01,0.02,0.01,0.02,0.01,0.01,a,d,j,0.2,0.01,0.01,0.01,i,0.2,0.01,0.01,0.01,b,e,j,0.2,0.1,0.02,0.01,0.02,0.01,0.02,0.01,0.01,o,0.2,0.01,0.01,0.01,b,e,0.2,0.01,0.01,0.01,b,e,n,0.2,0.01,0.01,0.01,l,0.2,0.01,0.01,0.01,b,e,0.2,0.01,0.01,0.01,j,0.2,0.01,0.01,0.01,c,f,0.2,0.1,0.02,0.01,0.02,0.01,0.02,0.01,0.01,c,f,0.2,0.1,0.02,0.01,0.02,0.01,0.02,0.01,0.01,c,f,h,0.2,0.01,0.01,0.01,l,0.2,0.01,0.01,0.01,a,c,0.2,0.01,0.01,0.01,c,e,g,0.2,0.01,0.01,0.01,a,c,0.2,0.01,0.01,0.01,e,0.2,0.1,0.02,0.01,0.02,0.01,0.02,0.01,0.01,h,0.2,0.01,0.01,0.01,a,d,0.2,0.1,0.02,0.01,0.02,0.01,0.02,0.01,0.01,a,d,0.2,0.01,0.01,0.01,a,d,0.2,0.1,0.02,0.01,0.02,0.01,0.02,0.01,0.01,a,d,h,0.2,0.01,0.01,0.01,l,0.2,0.01,0.01,0.01,b,e,0.2,0.01,0.01,0.01,k,0.2,0.1,0.02,0.01,0.02,0.01,0.02,0.01,0.01,b,e,j,0.2,0.01,0.01,0.01,b,e,0.2,0.01,0.01,0.01,i,0.2,0.01,0.01,0.01,b,e,0.2,0.01,0.01,0.01,j,0.2,0.01,0.01,0.01,c,f,0.2,0.1,0.02,0.01,0.02,0.01,0.02,0.01,0.01,c,f,0.2,0.01,0.01,0.01,c,f,0.2,0.1,0.02,0.01,0.02,0.01,0.02,0.01,0.01,h,0.2,0.01,0.01,0.01,c,f,i,0.2,0.01,0.01,0.01,j,0.2,0.01,0.01,0.01,c,f,0.2,0.01,0.01,0.01,o,0.2,0.01,0.01,0.01,c,g,n,0.2,0.01,0.01,0.01,c,g,o,0.2,0.01,0.01,0.01,c,g,n,0.2,0.01,0.01,0.01,l,0.2,0.1,0.02,0.01,0.02,0.01,0.02,0.01,0.01,j,0.2,0.1,0.02,0.01,0.02,0.01,0.02,0.01,0.01,a,d,h,0.2,0.1,0.02,0.01,0.02,0.01,0.02,0.01,0.01,l,0.2,0.01,0.01,0.01,a,d,0.2,0.01,0.01,0.01,a,d,j,0.2,0.01,0.01,0.01,i,0.2,0.01,0.01,0.01,a,d,0.2,0.01,0.01,0.01,h,0.2,0.01,0.01,0.01,a,e,0.2,0.01,0.01,0.01,h,0.2,0.01,0.01,0.01,l,0.2,0.01,0.01,0.01,a,e,0.2,0.01,0.01,0.01,a,e,j,0.2,0.1,0.02,0.01,0.02,0.01,0.02,0.01,0.01,a,e,0.2,0.1,0.02,0.01,0.02,0.01,0.02,0.01,0.01,c,f,h,0.2,0.1,0.02,0.01,0.02,0.01,0.02,0.01,0.01,l,0.2,0.01,0.01,0.01,c,f,0.2,0.01,0.01,0.01,c,f,j,0.2,0.01,0.01,0.01,i,0.2,0.01,0.01,0.01,c,f,0.2,0.01,0.01,0.01,g,0.2,0.01,0.01,0.01,a,c,0.2,0.01,0.01,0.01,o,0.2,0.01,0.01,0.01,n,0.2,0.01,0.01,0.01,a,c,o,0.2,0.01,0.01,0.01,a,c,n,0.2,0.01,0.01,0.01,l,0.2,0.01,0.01,0.01,a,c,0.2,0.01,0.01,0.01,j,0.2,0.01,0.01,0.01,a,d,h,0.2,0.1,0.02,0.01,0.02,0.01,0.02,0.01,0.01,l,0.2,0.01,0.01,0.01,a,d,0.2,0.01,0.01,0.01,a,d,j,0.2,0.01,0.01,0.01,i,0.2,0.01,0.01,0.01,a,d,0.2,0.01,0.01,0.01,h,0.2,0.01,0.01,0.01,a,e,0.2,0.01,0.01,0.01,h,0.2,0.01,0.01,0.01,l,0.2,0.01,0.01,0.01,a,e,0.2,0.01,0.01,0.01,a,e,j,0.2,0.1,0.02,0.01,0.02,0.01,0.02,0.01,0.01,a,e,0.2,0.1,0.02,0.01,0.02,0.01,0.02,0.01,0.01,c,f,h,0.2,0.1,0.02,0.01,0.02,0.01,0.02,0.01,0.01,l,0.2,0.01,0.01,0.01,c,f,0.2,0.01,0.01,0.01,c,f,j,0.2,0.01,0.01,0.01,i,0.2,0.01,0.01,0.01,c,f,0.2,0.01,0.01,0.01,g,0.2,0.01,0.01,0.01,a,c,0.2,0.01,0.01,0.01,o,0.2,0.01,0.01,0.01,n,0.2,0.01,0.01,0.01,o,0.2,0.01,0.01,0.01,n,0.2,0.01,0.01,0.01,l,0.2,0.1,0.02,0.01,0.02,0.01,0.02,0.01,0.01,j,0.2,0.01,0.01,0.01,a,d,0.2,0.1,0.02,0.01,0.02,0.01,0.02,0.01,0.01,a,d,0.2,0.1,0.02,0.01,0.2,0.02,0.01,0.02,0.01,0.01,a,d,0.2,0.01,0.01,0.01,j,0.2,0.01,0.01,0.01,b,e,0.2,0.01,0.01,0.01,i,0.2,0.1,0.02,0.01,0.02,0.01,0.02,0.01,0.01,b,e,h,0.2,0.01,0.01,0.01,b,e,0.2,0.01,0.01,0.01,g,0.2,0.01,0.01,0.01,b,e,0.2,0.1,0.02,0.01,0.02,0.01,0.02,0.01,0.01,a,c,f,h,0.2,0.1,0.02,0.01,0.02,0.01,0.02,0.01,0.01,h,0.2,0.01,0.01,0.01,c,f,0.2,0.1,0.02,0.01,0.2,0.02,0.01,0.02,0.01,0.01,c,f,0.2,0.01,0.01,0.01,j,0.2,0.01,0.01,0.01,a,c,g,0.2,0.01,0.01,0.01,i,0.2,0.1,0.02,0.01,0.02,0.01,0.02,0.01,0.01,a,c,h,0.2,0.01,0.01,0.01,a,c,0.2,0.01,0.01,0.01,g,0.2,0.01,0.01,0.01,a,c,0.2,0.1,0.02,0.01,0.02,0.01,0.02,0.01,0.01,a,b,d,f,0.2,0.1,0.02,0.01,0.02,0.01,0.02,0.01,0.01,f,0.2,0.01,0.01,0.01,a,d,0.2,0.1,0.02,0.01,0.2,0.02,0.01,0.02,0.01,0.01,a,d,h,0.2,0.01,0.01,0.01,e,0.2,0.01,0.01,0.01,b,0.2,0.01,0.01,0.01,e,0.2,0.01,0.01,0.01,b,e,0.2,0.1,0.02,0.01,0.2,0.02,0.01,0.02,0.01,0.01,b,e,0.2,0.1,0.02,0.01,0.02,0.01,0.02,0.01,0.01,e,0.2,0.01,0.01,0.01,a,c,f,h,0.2,0.1,0.02,0.01,0.02,0.01,0.02,0.01,0.01,l,0.2,0.01,0.01,0.01,c,f,0.2,0.01,0.01,0.01,a,c,j,0.2,0.01,0.01,0.01,i,0.2,0.01,0.01,0.01,c,f,0.2,0.01,0.01,0.01,h,0.2,0.01,0.01,0.01,a,c,0.2,0.01,0.01,0.01,h,0.2,0.01,0.01,0.01,l,0.2,0.01,0.01,0.01,c,g,0.2,0.01,0.01,0.01,c,g,j,0.2,0.01,0.01,0.01,i,0.2,0.01,0.01,0.01,c,g,0.2,0.01,0.01,0.01,h,0.2,0.01,0.01,0.01,a,b,d,h,0.2,0.1,0.02,0.01,0.02,0.01,0.02,0.01,0.01,h,0.2,0.01,0.01,0.01,a,d,0.2,0.1,0.02,0.01,0.2,0.02,0.01,0.02,0.01,0.01,a,d,0.2,0.01,0.01,0.01,j,0.2,0.01,0.01,0.01,a,b,e,0.2,0.01,0.01,0.01,i,0.2,0.1,0.02,0.01,0.02,0.01,0.02,0.01,0.01,b,e,h,0.2,0.01,0.01,0.01,b,e,0.2,0.01,0.01,0.01,g,0.2,0.01,0.01,0.01,b,e,0.2,0.1,0.02,0.01,0.02,0.01,0.02,0.01,0.01,a,c,f,h,0.2,0.1,0.02,0.01,0.02,0.01,0.02,0.01,0.01,h,0.2,0.01,0.01,0.01,c,f,0.2,0.1,0.02,0.01,0.2,0.02,0.01,0.02,0.01,0.01,c,f,0.2,0.01,0.01,0.01,j,0.2,0.01,0.01,0.01,a,c,g,0.2,0.01,0.01,0.01,i,0.2,0.1,0.02,0.01,0.02,0.01,0.02,0.01,0.01,a,c,h,0.2,0.01,0.01,0.01,a,c,0.2,0.01,0.01,0.01,g,0.2,0.01,0.01,0.01,a,c,0.2,0.1,0.02,0.01,0.02,0.01,0.02,0.01,0.01,a,b,d,f,0.2,0.1,0.02,0.01,0.02,0.01,0.02,0.01,0.01,f,0.2,0.01,0.01,0.01,a,d,0.2,0.1,0.02,0.01,0.2,0.02,0.01,0.02,0.01,0.01,a,d,h,0.2,0.01,0.01,0.01,e,0.2,0.01,0.01,0.01,b,0.2,0.01,0.01,0.01,e,0.2,0.01,0.01,0.01,b,e,0.2,0.1,0.02,0.01,0.2,0.02,0.01,0.02,0.01,0.01,b,e,0.2,0.1,0.02,0.01,0.02,0.01,0.02,0.01,0.01,e,0.2,0.01,0.01,0.01,a,c,f,h,0.2,0.1,0.02,0.01,0.02,0.01,0.02,0.01,0.01,l,0.2,0.01,0.01,0.01,c,f,0.2,0.01,0.01,0.01,c,f,j,0.2,0.01,0.01,0.01,i,0.2,0.01,0.01,0.01,g,0.2,0.01,0.01,0.01,a,c,0.2,0.1,0.02,0.01,0.02,0.01,0.02,0.01,0.01,o,0.2,0.01,0.01,0.01,n,0.2,0.01,0.01,0.01,o,0.2,0.01,0.01,0.01,n,0.2,0.01,0.01,0.01,l,0.2,0.1,0.02,0.01,0.02,0.01,0.02,0.01,0.01,j,0.2,0.1,0.02,0.01,0.02,0.01,0.02,0.01,0.01,a,d,0.2,0.1,0.02,0.01,0.02,0.01,0.02,0.01,0.01,h,0.2,0.01,0.01,0.01,a,d,g,0.2,0.01,0.01,0.01,a,d,h,0.2,0.1,0.02,0.01,0.02,0.01,0.02,0.01,0.01,a,d,h,0.2,0.01,0.01,0.01,g,0.2,0.01,0.01,0.01,b,e,h,0.2,0.01,0.01,0.01,b,e,i,0.2,0.1,0.02,0.01,0.02,0.01,0.02,0.01,0.01,b,e,i,0.2,0.01,0.01,0.01,b,e,0.2,0.1,0.02,0.01,0.02,0.01,0.02,0.01,0.01,b,e,0.2,0.1,0.02,0.01,0.02,0.01,0.02,0.01,0.01,c,f,i,0.2,0.01,0.01,0.01,j,0.2,0.1,0.02,0.01,0.02,0.01,0.02,0.01,0.01,c,f,j,0.2,0.01,0.01,0.01,c,f,0.2,0.1,0.02,0.01,0.02,0.01,0.02,0.01,0.01,c,f,0.2,0.01,0.01,0.01,j,0.2,0.01,0.01,0.01,c,f,j,0.2,0.1,0.02,0.01,0.02,0.01,0.02,0.01,0.01,g,0.2,0.01,0.01,0.01,a,c,g,0.2,0.01,0.01,0.01,a,c,0.2,0.01,0.01,0.01,e,0.2,0.01,0.01,0.01,a,c,0.2,0.01,0.01,0.01,h,0.2,0.01,0.01,0.01,a,d,0.2,0.01,0.01,0.01,f,h,0.2,0.01,0.01,0.01,a,d,e,g,0.2,0.01,0.01,0.01,a,d,f,h,0.2,0.1,0.02,0.01,0.02,0.01,0.02,0.01,0.01,a,d,f,h,0.2,0.01,0.01,0.01,e,g,0.2,0.01,0.01,0.01,b,e,f,h,0.2,0.01,0.01,0.01,g,i,0.2,0.1,0.02,0.01,0.02,0.01,0.02,0.01,0.01,b,e,g,i,0.2,0.01,0.01,0.01,b,e,0.2,0.1,0.02,0.01,0.02,0.01,0.02,0.01,0.01,b,e,0.2,0.1,0.02,0.01,0.02,0.01,0.02,0.01,0.01,c,f,g,i,0.2,0.01,0.01,0.01,h,j,0.2,0.1,0.02,0.01,0.02,0.01,0.02,0.01,0.01,c,f,h,j,0.2,0.01,0.01,0.01,c,f,0.2,0.1,0.02,0.01,0.02,0.01,0.02,0.01,0.01,c,f,0.2,0.1,0.02,0.01,0.02,0.01,0.02,0.01,0.01,c,g,i,0.2,0.01,0.01,0.01,j,0.2,0.1,0.02,0.01,0.02,0.01,0.02,0.01,0.01,c,g,j,0.2,0.01,0.01,0.01,c,g,0.2,0.01,0.01,0.01,k,0.2,0.01,0.01,0.01,c,g,j,0.2,0.1,0.02,0.01,0.02,0.01,0.02,0.01,0.01,a,d,0.2,0.1,0.02,0.01,0.02,0.01,0.02,0.01,0.01,h,j,0.2,0.01,0.01,0.01,a,d,g,i,0.2,0.01,0.01,0.01,a,d,h,j,0.2,0.1,0.02,0.01,0.02,0.01,0.02,0.01,0.01,a,d,h,j,0.2,0.01,0.01,0.01,g,i,0.2,0.01,0.01,0.01,b,e,h,j,0.2,0.1,0.02,0.01,0.02,0.01,0.02,0.01,0.01,l,o,0.2,0.01,0.01,0.01,b,e,0.2,0.01,0.01,0.01,b,e,l,n,0.2,0.01,0.01,0.01,j,l,0.2,0.01,0.01,0.01,b,e,0.2,0.01,0.01,0.01,h,j,0.2,0.01,0.01,0.01,c,f,0.2,0.1,0.02,0.01,0.02,0.01,0.02,0.01,0.01,c,f,0.2,0.1,0.02,0.01,0.2,0.02,0.01,0.02,0.01,0.01,c,f,h,0.2,0.01,0.01,0.01,l,0.2,0.01,0.01,0.01,a,c,0.2,0.01,0.01,0.01,g,0.2,0.1,0.02,0.01,0.02,0.01,0.02,0.01,0.01,a,c,g,0.2,0.1,0.02,0.01,0.02,0.01,0.02,0.01,0.01,e,0.2,0.01,0.01,0.01,a,c,0.2,0.01,0.01,0.01,h,0.2,0.01,0.01,0.01,a,d,0.2,0.1,0.02,0.01,0.02,0.01,0.02,0.01,0.01,a,d,0.2,0.01,0.01,0.01,a,d,0.2,0.1,0.02,0.01,0.02,0.01,0.02,0.01,0.01,a,d,h,0.2,0.01,0.01,0.01,l,0.2,0.01,0.01,0.01,b,e,0.2,0.01,0.01,0.01,g,0.2,0.1,0.02,0.01,0.02,0.01,0.02,0.01,0.01,a,c,g,0.2,0.01,0.01,0.01,a,c,0.2,0.01,0.01,0.01,e,0.2,0.01,0.01,0.01,a,c,0.2,0.01,0.01,0.01,h,0.2,0.01,0.01,0.01,c,f,0.2,0.1,0.02,0.01,0.02,0.01,0.02,0.01,0.01,c,f,0.2,0.01,0.01,0.01,c,f,0.2,0.1,0.02,0.01,0.02,0.01,0.02,0.01,0.01,h,0.2,0.01,0.01,0.01,c,f,i,0.2,0.01,0.01,0.01,j,0.2,0.01,0.01,0.01,c,f,0.2,0.01,0.01,0.01,o,0.2,0.01,0.01,0.01,c,g,n,0.2,0.01,0.01,0.01,c,g,o,0.2,0.01,0.01,0.01,c,g,n,0.2,0.01,0.01,0.01,l,0.2,0.1,0.02,0.01,0.02,0.01,0.02,0.01,0.01,j,0.2,0.1,0.02,0.01,0.02,0.01,0.02,0.01,0.01,a,d,e,h,0.2,0.1,0.02,0.01,0.02,0.01,0.02,0.01,0.01,e,l,0.2,0.01,0.01,0.01,a,d,0.2,0.01,0.01,0.01,a,d,j,0.2,0.01,0.01,0.01,i,0.2,0.01,0.01,0.01,a,d,0.2,0.01,0.01,0.01,e,h,0.2,0.01,0.01,0.01,a,c,0.2,0.01,0.01,0.01,e,h,0.2,0.01,0.01,0.01,e,l,0.2,0.01,0.01,0.01,a,e,0.2,0.01,0.01,0.01,a,c,e,j,0.2,0.1,0.02,0.01,0.02,0.01,0.02,0.01,0.01,a,e,0.2,0.1,0.02,0.01,0.02,0.01,0.02,0.01,0.01,c,e,f,h,0.2,0.1,0.02,0.01,0.02,0.01,0.02,0.01,0.01,e,l,0.2,0.01,0.01,0.01,c,f,0.2,0.01,0.01,0.01,c,f,j,0.2,0.01,0.01,0.01,i,0.2,0.01,0.01,0.01,c,f,0.2,0.01,0.01,0.01,g,0.2,0.01,0.01,0.01,a,c,0.2,0.01,0.01,0.01,o,0.2,0.01,0.01,0.01,n,0.2,0.01,0.01,0.01,c,j,o,0.2,0.01,0.01,0.01,c,j,n,0.2,0.01,0.01,0.01,l,0.2,0.01,0.01,0.01,a,c,0.2,0.01,0.01,0.01,j,0.2,0.01,0.01,0.01,a,d,e,h,0.2,0.1,0.02,0.01,0.02,0.01,0.02,0.01,0.01,e,l,0.2,0.01,0.01,0.01,a,d,0.2,0.01,0.01,0.01,a,d,j,0.2,0.01,0.01,0.01,i,0.2,0.01,0.01,0.01,a,d,0.2,0.01,0.01,0.01,e,h,0.2,0.01,0.01,0.01,a,c,0.2,0.01,0.01,0.01,e,h,0.2,0.01,0.01,0.01,e,l,0.2,0.01,0.01,0.01,a,e,0.2,0.01,0.01,0.01,a,c,e,j,0.2,0.1,0.02,0.01,0.02,0.01,0.02,0.01,0.01,a,e,0.2,0.1,0.02,0.01,0.02,0.01,0.02,0.01,0.01,c,e,f,h,0.2,0.1,0.02,0.01,0.02,0.01,0.02,0.01,0.01,e,l,0.2,0.01,0.01,0.01,c,f,0.2,0.01,0.01,0.01,c,f,j,0.2,0.01,0.01,0.01,i,0.2,0.1,0.02,0.01,0.02,0.01,0.02,0.01,0.01,g,0.2,0.01,0.01,0.01,a,c,0.2,0.01,0.01,0.01,o,0.2,0.01,0.01,0.01,n,0.2,0.01,0.01,0.01,o,0.2,0.01,0.01,0.01,n,0.2,0.01,0.01,0.01,l,0.2,0.1,0.02,0.01,0.02,0.01,0.02,0.01,0.01,j,0.2,0.01,0.01,0.01,a,d,0.2,0.1,0.02,0.01,0.02,0.01,0.02,0.01,0.01,a,d,0.2,0.1,0.02,0.01,0.2,0.02,0.01,0.02,0.01,0.01,a,d,j,0.2,0.01,0.01,0.01,i,0.2,0.01,0.01,0.01,b,e,0.2,0.01,0.01,0.01,i,0.2,0.01,0.01,0.01,h,0.2,0.01,0.01,0.01,b,e,g,0.2,0.1,0.02,0.01,0.02,0.01,0.02,0.01,0.01,a,c,0.2,0.01,0.01,0.01,a,b,e,0.2,0.01,0.01,0.01,h,0.2,0.01,0.01,0.01,c,f,0.2,0.1,0.02,0.01,0.02,0.01,0.02,0.01,0.01,c,f,0.2,0.1,0.02,0.01,0.2,0.02,0.01,0.02,0.01,0.01,c,f,j,0.2,0.01,0.01,0.01,i,0.2,0.01,0.01,0.01,c,g,0.2,0.01,0.01,0.01,i,0.2,0.01,0.01,0.01,l,0.2,0.01,0.01,0.01,c,g,k,0.2,0.01,0.01,0.01,c,g,0.2,0.01,0.01,0.01,k,0.2,0.01,0.01,0.01,c,g,j,0.2,0.01,0.01,0.01,h,0.2,0.01,0.01,0.01,a,d,0.2,0.1,0.02,0.01,0.02,0.01,0.02,0.01,0.01,a,d,0.2,0.1,0.02,0.01,0.2,0.02,0.01,0.02,0.01,0.01,a,d,j,0.2,0.01,0.01,0.01,i,0.2,0.01,0.01,0.01,b,e,0.2,0.01,0.01,0.01,i,0.2,0.01,0.01,0.01,h,0.2,0.01,0.01,0.01,b,e,g,0.2,0.01,0.01,0.01,b,e,h,0.2,0.01,0.01,0.01,g,0.2,0.01,0.01,0.01,a,b,e,0.2,0.01,0.01,0.01,h,0.2,0.01,0.01,0.01,c,f,0.2,0.1,0.02,0.01,0.02,0.01,0.02,0.01,0.01,c,f,0.2,0.1,0.02,0.01,0.2,0.02,0.01,0.02,0.01,0.01,c,f,j,0.2,0.01,0.01,0.01,i,0.2,0.01,0.01,0.01,c,g,0.2,0.01,0.01,0.01,i,0.2,0.01,0.01,0.01,l,0.2,0.01,0.01,0.01,c,g,k,0.2,0.01,0.01,0.01,c,g,0.2,0.01,0.01,0.01,k,0.2,0.01,0.01,0.01,c,g,j,0.2,0.01,0.01,0.01,h,0.2,0.1,0.02,0.01,0.02,0.01,0.02,0.01,0.01,d,f,n,0.2,0.1,0.02,0.01,0.02,0.01,0.02,0.01,0.01,l,0.2,0.01,0.01,0.01,a,d,0.2,0.01,0.01,0.01,a,d,j,0.2,0.01,0.01,0.01,i,0.2,0.01,0.01,0.01,a,d,0.2,0.01,0.01,0.01,h,0.2,0.01,0.01,0.01,b,e,0.2,0.01,0.01,0.01,h,0.2,0.01,0.01,0.01,l,0.2,0.01,0.01,0.01,b,e,0.2,0.01,0.01,0.01,b,e,j,0.2,0.1,0.02,0.01,0.02,0.01,0.02,0.01,0.01,b,e,0.2,0.1,0.02,0.01,0.02,0.01,0.02,0.01,0.01,c,f,n,0.2,0.1,0.02,0.01,0.02,0.01,0.02,0.01,0.01,l,0.2,0.01,0.01,0.01,c,f,0.2,0.01,0.01,0.01,c,f,j,0.2,0.01,0.01,0.01,i,0.2,0.01,0.01,0.01,c,f,0.2,0.01,0.01,0.01,g,0.2,0.01,0.01,0.01,a,c,0.2,0.01,0.01,0.01,g,0.2,0.01,0.01,0.01,l,0.2,0.01,0.01,0.01,c,g,0.2,0.01,0.01,0.01,c,g,j,0.2,0.01,0.01,0.01,i,0.2,0.01,0.01,0.01,c,g,0.2,0.01,0.01,0.01,h,0.2,0.01,0.01,0.01,a,d,n,0.2,0.1,0.02,0.01,0.02,0.01,0.02,0.01,0.01,l,0.2,0.01,0.01,0.01,a,d,0.2,0.01,0.01,0.01,a,d,j,0.2,0.01,0.01,0.01,i,0.2,0.01,0.01,0.01,a,d,0.2,0.01,0.01,0.01,h,0.2,0.01,0.01,0.01,b,e,0.2,0.01,0.01,0.01,h,0.2,0.01,0.01,0.01,l,0.2,0.01,0.01,0.01,b,e,0.2,0.01,0.01,0.01,b,e,j,0.2,0.1,0.02,0.01,0.02,0.01,0.02,0.01,0.01,b,e,0.2,0.1,0.02,0.01,0.02,0.01,0.02,0.01,0.01,c,f,n,0.2,0.1,0.02,0.01,0.02,0.01,0.02,0.01,0.01,l,0.2,0.01,0.01,0.01,c,f,0.2,0.01,0.01,0.01,c,f,j,0.2,0.01,0.01,0.01,i,0.2,0.01,0.01,0.01,c,f,0.2,0.01,0.01,0.01,g,0.2,0.01,0.01,0.01,a,c,0.2,0.01,0.01,0.01,o,0.2,0.01,0.01,0.01,n,0.2,0.01,0.01,0.01,o,0.2,0.01,0.01,0.01,n,0.2,0.1,0.02,0.01,0.02,0.01,0.02,0.01,0.01,l,0.2,0.1,0.02,0.01,0.02,0.01,0.02,0.01,0.01,j,0.01,0.01,0.01,0.01,









