c,f,h,0.2,0.02,0.01,c,0.2,0.02,0.01,f,0.2,0.1,0.02,0.01,0.2,0.1,0.02,0.01,0.2,0.1,0.02,0.01,0.2,0.1,0.02,0.01,0.02,0.01,0.02,0.01,c,0.2,0.02,0.01,e,0.2,0.02,0.01,f,0.2,0.02,0.01,g,0.2,0.02,0.01,b,e,h,0.2,0.02,0.01,i,0.2,0.02,0.01,g,0.2,0.1,0.02,0.01,0.2,0.1,0.02,0.01,0.2,0.1,0.02,0.01,0.2,0.1,0.02,0.01,0.02,0.01,0.02,0.01,b,0.2,0.02,0.01,c,0.2,0.02,0.01,d,0.2,0.02,0.01,c,0.2,0.02,0.01,c,g,h,0.2,0.02,0.01,c,0.2,0.02,0.01,i,0.2,0.02,0.01,h,0.2,0.02,0.01,c,0.2,0.1,0.02,0.01,0.2,0.1,0.02,0.01,0.2,0.1,0.02,0.01,0.2,0.1,0.02,0.01,0.02,0.01,0.02,0.01,f,h,0.2,0.02,0.01,c,0.2,0.02,0.01,c,g,0.2,0.02,0.01,c,0.2,0.02,0.01,a,f,0.2,0.02,0.01,c,0.2,0.02,0.01,c,g,0.2,0.02,0.01,c,0.2,0.02,0.01,c,h,0.2,0.02,0.01,c,0.2,0.02,0.01,g,i,0.2,0.02,0.01,c,0.2,0.02,0.01,e,j,0.2,0.02,0.01,c,0.2,0.02,0.01,g,i,0.2,0.02,0.01,c,0.2,0.02,0.01,d,h,0.2,0.02,0.01,c,0.2,0.02,0.01,a,g,0.2,0.02,0.01,c,0.2,0.02,0.01,f,0.2,0.02,0.01,c,0.2,0.02,0.01,a,g,0.2,0.02,0.01,c,0.2,0.02,0.01,e,h,0.2,0.02,0.01,c,0.2,0.02,0.01,b,i,0.2,0.02,0.01,c,0.2,0.02,0.01,g,j,0.2,0.02,0.01,c,0.2,0.02,0.01,b,i,0.2,0.02,0.01,c,0.2,0.02,0.01,f,g,0.2,0.1,0.02,0.01,0.1,0.02,0.01,c,0.2,0.1,0.02,0.01,0.1,0.02,0.01,f,0.2,0.1,0.02,0.01,0.1,0.02,0.01,c,0.2,0.1,0.02,0.01,0.1,0.02,0.01,a,0.2,0.1,0.02,0.01,0.1,0.02,0.01,c,0.2,0.1,0.02,0.01,0.1,0.02,0.01,f,0.2,0.1,0.02,0.01,0.1,0.02,0.01,c,0.2,0.1,0.02,0.01,0.1,0.02,0.01,a,g,j,0.2,0.1,0.02,0.01,0.1,0.02,0.01,e,0.2,0.1,0.02,0.01,0.1,0.02,0.01,a,0.2,0.1,0.02,0.01,0.1,0.02,0.01,e,0.2,0.1,0.02,0.01,0.1,0.02,0.01,c,0.2,0.1,0.02,0.01,0.1,0.02,0.01,e,0.2,0.1,0.02,0.01,0.1,0.02,0.01,a,0.2,0.1,0.02,0.01,0.1,0.02,0.01,e,0.2,0.1,0.02,0.01,0.1,0.02,0.01,c,f,0.2,0.1,0.02,0.01,0.1,0.02,0.01,f,0.2,0.1,0.02,0.01,0.1,0.02,0.01,c,g,0.2,0.1,0.02,0.01,0.1,0.02,0.01,a,h,0.2,0.1,0.02,0.01,0.1,0.02,0.01,c,f,0.2,0.1,0.02,0.01,0.2,0.1,0.02,0.01,0.2,0.02,0.01,0.02,0.01,c,j,0.2,0.1,0.02,0.01,0.1,0.02,0.01,a,0.2,0.1,0.02,0.01,0.1,0.02,0.01,e,0.2,0.1,0.02,0.01,0.1,0.02,0.01,a,0.2,0.1,0.02,0.01,0.1,0.02,0.01,e,0.2,0.1,0.02,0.01,0.1,0.02,0.01,c,0.2,0.1,0.02,0.01,0.1,0.02,0.01,e,0.2,0.1,0.02,0.01,0.1,0.02,0.01,a,0.2,0.1,0.02,0.01,0.1,0.02,0.01,e,0.2,0.1,0.02,0.01,0.1,0.02,0.01,b,i,0.2,0.1,0.02,0.01,0.1,0.02,0.01,e,i,0.2,0.1,0.02,0.01,0.1,0.02,0.01,b,i,0.2,0.1,0.02,0.01,0.1,0.02,0.01,g,j,0.2,0.1,0.02,0.01,0.1,0.02,0.01,g,i,0.2,0.1,0.02,0.01,0.1,0.02,0.01,e,h,0.2,0.1,0.02,0.01,0.1,0.02,0.01,b,e,0.2,0.1,0.02,0.01,0.1,0.02,0.01,f,0.2,0.1,0.02,0.01,0.1,0.02,0.01,c,0.2,0.1,0.02,0.01,0.1,0.02,0.01,f,0.2,0.1,0.02,0.01,0.1,0.02,0.01,c,0.2,0.1,0.02,0.01,0.1,0.02,0.01,a,0.2,0.1,0.02,0.01,0.1,0.02,0.01,c,0.2,0.1,0.02,0.01,0.1,0.02,0.01,f,0.2,0.1,0.02,0.01,0.1,0.02,0.01,c,0.2,0.1,0.02,0.01,0.1,0.02,0.01,e,0.2,0.1,0.02,0.01,0.1,0.02,0.01,c,e,0.2,0.1,0.02,0.01,0.1,0.02,0.01,e,0.2,0.1,0.02,0.01,0.1,0.02,0.01,e,f,0.2,0.1,0.02,0.01,0.1,0.02,0.01,e,0.2,0.1,0.02,0.01,0.1,0.02,0.01,c,h,0.2,0.1,0.02,0.01,0.2,0.1,0.02,0.01,0.2,0.02,0.01,0.02,0.01,d,h,0.2,0.1,0.02,0.01,0.1,0.02,0.01,a,0.2,0.1,0.02,0.01,0.1,0.02,0.01,d,h,0.2,0.1,0.02,0.01,0.1,0.02,0.01,a,0.2,0.1,0.02,0.01,0.1,0.02,0.01,f,h,0.2,0.1,0.02,0.01,0.1,0.02,0.01,a,h,0.2,0.1,0.02,0.01,0.1,0.02,0.01,d,0.2,0.1,0.02,0.01,0.1,0.02,0.01,a,i,0.2,0.1,0.02,0.01,0.1,0.02,0.01,c,0.2,0.1,0.02,0.01,0.1,0.02,0.01,c,h,0.2,0.1,0.02,0.01,0.1,0.02,0.01,c,i,0.2,0.1,0.02,0.01,0.1,0.02,0.01,g,h,0.2,0.1,0.02,0.01,0.1,0.02,0.01,e,i,0.2,0.1,0.02,0.01,0.1,0.02,0.01,a,h,0.2,0.1,0.02,0.01,0.1,0.02,0.01,c,h,0.2,0.1,0.02,0.01,0.1,0.02,0.01,e,0.2,0.1,0.02,0.01,0.1,0.02,0.01,f,0.2,0.1,0.02,0.01,0.1,0.02,0.01,c,0.2,0.1,0.02,0.01,0.1,0.02,0.01,f,0.2,0.1,0.02,0.01,0.1,0.02,0.01,c,0.2,0.1,0.02,0.01,0.1,0.02,0.01,a,0.2,0.1,0.02,0.01,0.1,0.02,0.01,c,0.2,0.1,0.02,0.01,0.1,0.02,0.01,f,0.2,0.1,0.02,0.01,0.1,0.02,0.01,c,0.2,0.1,0.02,0.01,0.1,0.02,0.01,c,f,0.2,0.1,0.02,0.01,0.1,0.02,0.01,f,0.2,0.1,0.02,0.01,0.1,0.02,0.01,c,g,0.2,0.1,0.02,0.01,0.1,0.02,0.01,a,h,0.2,0.1,0.02,0.01,0.1,0.02,0.01,f,0.2,0.1,0.02,0.01,0.1,0.02,0.01,f,0.2,0.1,0.02,0.01,0.1,0.02,0.01,c,j,0.2,0.1,0.02,0.01,0.1,0.02,0.01,a,0.2,0.1,0.02,0.01,0.1,0.02,0.01,e,0.2,0.1,0.02,0.01,0.1,0.02,0.01,a,0.2,0.1,0.02,0.01,0.1,0.02,0.01,e,0.2,0.1,0.02,0.01,0.1,0.02,0.01,c,0.2,0.1,0.02,0.01,0.1,0.02,0.01,e,0.2,0.1,0.02,0.01,0.1,0.02,0.01,a,0.2,0.1,0.02,0.01,0.1,0.02,0.01,e,0.2,0.1,0.02,0.01,0.1,0.02,0.01,b,0.2,0.1,0.02,0.01,0.1,0.02,0.01,e,0.2,0.1,0.02,0.01,0.1,0.02,0.01,b,i,0.2,0.1,0.02,0.01,0.1,0.02,0.01,g,i,0.2,0.1,0.02,0.01,0.1,0.02,0.01,b,j,0.2,0.1,0.02,0.01,0.1,0.02,0.01,e,j,0.2,0.1,0.02,0.01,0.1,0.02,0.01,b,i,0.2,0.1,0.02,0.01,0.1,0.02,0.01,f,h,0.2,0.1,0.02,0.01,0.1,0.02,0.01,c,e,0.2,0.1,0.02,0.01,0.1,0.02,0.01,f,0.2,0.1,0.02,0.01,0.1,0.02,0.01,c,0.2,0.1,0.02,0.01,0.1,0.02,0.01,a,0.2,0.1,0.02,0.01,0.1,0.02,0.01,c,0.2,0.1,0.02,0.01,0.1,0.02,0.01,f,0.2,0.1,0.02,0.01,0.1,0.02,0.01,c,0.2,0.1,0.02,0.01,0.1,0.02,0.01,g,0.2,0.1,0.02,0.01,0.1,0.02,0.01,c,0.2,0.1,0.02,0.01,0.1,0.02,0.01,e,0.2,0.1,0.02,0.01,0.1,0.02,0.01,e,0.2,0.1,0.02,0.01,0.1,0.02,0.01,f,0.2,0.1,0.02,0.01,0.1,0.02,0.01,c,f,0.2,0.1,0.02,0.01,0.1,0.02,0.01,e,0.2,0.1,0.02,0.01,0.1,0.02,0.01,d,h,0.2,0.1,0.02,0.01,0.1,0.02,0.01,a,0.2,0.1,0.02,0.01,0.1,0.02,0.01,d,h,0.2,0.1,0.02,0.01,0.1,0.02,0.01,a,0.2,0.1,0.02,0.01,0.1,0.02,0.01,f,h,0.2,0.1,0.02,0.01,0.1,0.02,0.01,a,0.2,0.1,0.02,0.01,0.1,0.02,0.01,d,h,0.2,0.1,0.02,0.01,0.1,0.02,0.01,a,h,0.2,0.1,0.02,0.01,0.1,0.02,0.01,e,0.2,0.1,0.02,0.01,0.1,0.02,0.01,b,i,0.2,0.1,0.02,0.01,0.1,0.02,0.01,e,0.2,0.1,0.02,0.01,0.1,0.02,0.01,b,h,0.2,0.1,0.02,0.01,0.1,0.02,0.01,g,i,0.2,0.1,0.02,0.01,0.1,0.02,0.01,b,h,0.2,0.1,0.02,0.01,0.1,0.02,0.01,e,i,0.2,0.1,0.02,0.01,0.1,0.02,0.01,b,h,0.2,0.1,0.02,0.01,0.1,0.02,0.01,f,h,0.2,0.1,0.02,0.01,0.1,0.02,0.01,c,e,0.2,0.1,0.02,0.01,0.1,0.02,0.01,f,0.2,0.1,0.02,0.01,0.1,0.02,0.01,c,0.2,0.1,0.02,0.01,0.1,0.02,0.01,a,0.2,0.1,0.02,0.01,0.1,0.02,0.01,c,0.2,0.1,0.02,0.01,0.1,0.02,0.01,f,0.2,0.1,0.02,0.01,0.1,0.02,0.01,c,0.2,0.1,0.02,0.01,0.1,0.02,0.01,f,0.2,0.1,0.02,0.01,0.1,0.02,0.01,c,0.2,0.1,0.02,0.01,0.1,0.02,0.01,a,f,0.2,0.1,0.02,0.01,0.1,0.02,0.01,c,0.2,0.1,0.02,0.01,0.1,0.02,0.01,a,f,h,0.2,0.1,0.02,0.01,0.1,0.02,0.01,a,c,h,0.2,0.1,0.02,0.01,0.1,0.02,0.01,a,b,f,i,0.2,0.1,0.02,0.01,0.1,0.02,0.01,b,c,i,0.2,0.1,0.02,0.01,0.1,0.02,0.01,a,c,j,0.2,0.1,0.02,0.01,0.1,0.02,0.01,c,e,j,0.2,0.1,0.02,0.01,0.1,0.02,0.01,a,c,j,0.2,0.1,0.02,0.01,0.1,0.02,0.01,c,e,j,0.2,0.1,0.02,0.01,0.1,0.02,0.01,a,c,j,0.2,0.1,0.02,0.01,0.1,0.02,0.01,c,e,j,0.2,0.1,0.02,0.01,0.1,0.02,0.01,a,c,j,0.2,0.1,0.02,0.01,0.1,0.02,0.01,e,l,0.2,0.1,0.02,0.01,0.1,0.02,0.01,e,f,m,0.2,0.1,0.02,0.01,0.1,0.02,0.01,b,e,l,0.2,0.1,0.02,0.01,0.1,0.02,0.01,e,g,l,0.2,0.1,0.02,0.01,0.1,0.02,0.01,b,i,0.2,0.02,0.01,b,g,i,0.2,0.1,0.02,0.01,0.2,0.1,0.02,0.01,0.02,0.01,b,i,0.2,0.1,0.02,0.01,0.1,0.02,0.01,c,e,g,j,0.2,0.1,0.02,0.01,0.1,0.02,0.01,b,e,l,0.2,0.1,0.02,0.01,0.1,0.02,0.01,f,m,0.2,0.1,0.02,0.01,0.1,0.02,0.01,c,f,m,0.2,0.1,0.02,0.01,0.1,0.02,0.01,a,f,m,0.2,0.1,0.02,0.01,0.1,0.02,0.01,c,f,m,0.2,0.1,0.02,0.01,0.1,0.02,0.01,a,f,m,0.2,0.1,0.02,0.01,0.1,0.02,0.01,c,e,l,0.2,0.1,0.02,0.01,0.1,0.02,0.01,a,e,f,l,0.2,0.1,0.02,0.01,0.1,0.02,0.01,b,c,i,0.2,0.1,0.02,0.01,0.1,0.02,0.01,c,j,0.2,0.1,0.02,0.01,0.1,0.02,0.01,g,0.2,0.1,0.02,0.01,0.1,0.02,0.01,c,e,0.2,0.1,0.02,0.01,0.1,0.02,0.01,c,g,j,0.2,0.1,0.02,0.01,0.1,0.02,0.01,b,e,i,0.2,0.1,0.02,0.01,0.1,0.02,0.01,c,g,j,0.2,0.1,0.02,0.01,0.1,0.02,0.01,c,e,l,0.2,0.1,0.02,0.01,0.1,0.02,0.01,c,g,j,0.2,0.1,0.02,0.01,0.1,0.02,0.01,d,f,0.2,0.1,0.02,0.01,0.1,0.02,0.01,a,0.2,0.1,0.02,0.01,0.1,0.02,0.01,d,0.2,0.1,0.02,0.01,0.1,0.02,0.01,a,f,0.2,0.1,0.02,0.01,0.1,0.02,0.01,d,f,0.2,0.1,0.02,0.01,0.1,0.02,0.01,a,h,0.2,0.1,0.02,0.01,0.1,0.02,0.01,a,d,f,h,0.2,0.1,0.02,0.01,0.1,0.02,0.01,a,f,0.2,0.1,0.02,0.01,0.1,0.02,0.01,e,0.2,0.1,0.02,0.01,0.1,0.02,0.01,b,0.2,0.1,0.02,0.01,0.1,0.02,0.01,g,0.2,0.1,0.02,0.01,0.1,0.02,0.01,b,e,0.2,0.1,0.02,0.01,0.1,0.02,0.01,e,g,0.2,0.1,0.02,0.01,0.1,0.02,0.01,b,c,0.2,0.1,0.02,0.01,0.1,0.02,0.01,c,0.2,0.1,0.02,0.01,0.1,0.02,0.01,b,e,0.2,0.1,0.02,0.01,0.2,0.1,0.02,0.01,0.2,0.02,0.01,0.02,0.01,c,f,0.2,0.1,0.02,0.01,0.1,0.02,0.01,a,0.2,0.1,0.02,0.01,0.1,0.02,0.01,c,0.2,0.1,0.02,0.01,0.1,0.02,0.01,a,0.2,0.1,0.02,0.01,0.1,0.02,0.01,c,0.2,0.1,0.02,0.01,0.1,0.02,0.01,a,0.2,0.1,0.02,0.01,0.1,0.02,0.01,c,0.2,0.1,0.02,0.01,0.1,0.02,0.01,f,0.2,0.1,0.02,0.01,0.1,0.02,0.01,c,0.2,0.1,0.02,0.01,0.1,0.02,0.01,a,f,0.2,0.1,0.02,0.01,0.1,0.02,0.01,c,0.2,0.1,0.02,0.01,0.1,0.02,0.01,a,f,h,0.2,0.1,0.02,0.01,0.1,0.02,0.01,a,c,h,0.2,0.1,0.02,0.01,0.1,0.02,0.01,a,b,f,i,0.2,0.1,0.02,0.01,0.1,0.02,0.01,b,c,i,0.2,0.1,0.02,0.01,0.1,0.02,0.01,a,c,j,0.2,0.1,0.02,0.01,0.1,0.02,0.01,c,e,j,0.2,0.1,0.02,0.01,0.1,0.02,0.01,a,c,j,0.2,0.1,0.02,0.01,0.1,0.02,0.01,c,e,j,0.2,0.1,0.02,0.01,0.1,0.02,0.01,a,c,j,0.2,0.1,0.02,0.01,0.1,0.02,0.01,c,e,j,0.2,0.1,0.02,0.01,0.1,0.02,0.01,a,c,j,0.2,0.1,0.02,0.01,0.1,0.02,0.01,e,l,0.2,0.1,0.02,0.01,0.1,0.02,0.01,e,f,m,0.2,0.1,0.02,0.01,0.1,0.02,0.01,b,e,l,0.2,0.1,0.02,0.01,0.1,0.02,0.01,e,g,l,0.2,0.1,0.02,0.01,0.1,0.02,0.01,b,i,0.2,0.02,0.01,b,e,g,i,0.2,0.1,0.02,0.01,0.2,0.1,0.02,0.01,0.02,0.01,b,i,0.2,0.1,0.02,0.01,0.1,0.02,0.01,c,e,g,j,0.2,0.1,0.02,0.01,0.1,0.02,0.01,b,e,l,0.2,0.1,0.02,0.01,0.1,0.02,0.01,f,m,0.2,0.1,0.02,0.01,0.1,0.02,0.01,c,f,m,0.2,0.1,0.02,0.01,0.1,0.02,0.01,a,f,m,0.2,0.1,0.02,0.01,0.1,0.02,0.01,c,f,m,0.2,0.1,0.02,0.01,0.1,0.02,0.01,a,f,m,0.2,0.1,0.02,0.01,0.1,0.02,0.01,c,e,l,0.2,0.1,0.02,0.01,0.1,0.02,0.01,a,e,f,l,0.2,0.1,0.02,0.01,0.1,0.02,0.01,b,c,i,0.2,0.1,0.02,0.01,0.1,0.02,0.01,c,j,0.2,0.1,0.02,0.01,0.1,0.02,0.01,g,0.2,0.1,0.02,0.01,0.1,0.02,0.01,c,e,0.2,0.1,0.02,0.01,0.1,0.02,0.01,c,g,j,0.2,0.1,0.02,0.01,0.1,0.02,0.01,b,c,e,i,0.2,0.1,0.02,0.01,0.1,0.02,0.01,c,g,j,0.2,0.1,0.02,0.01,0.1,0.02,0.01,c,e,l,0.2,0.1,0.02,0.01,0.1,0.02,0.01,c,g,j,0.2,0.1,0.02,0.01,0.1,0.02,0.01,d,f,0.2,0.1,0.02,0.01,0.1,0.02,0.01,a,0.2,0.1,0.02,0.01,0.1,0.02,0.01,d,0.2,0.1,0.02,0.01,0.1,0.02,0.01,a,f,0.2,0.1,0.02,0.01,0.1,0.02,0.01,d,f,0.2,0.1,0.02,0.01,0.1,0.02,0.01,a,h,0.2,0.1,0.02,0.01,0.1,0.02,0.01,a,h,0.2,0.1,0.02,0.01,0.1,0.02,0.01,a,f,0.2,0.1,0.02,0.01,0.1,0.02,0.01,e,0.2,0.1,0.02,0.01,0.1,0.02,0.01,b,0.2,0.1,0.02,0.01,0.1,0.02,0.01,g,0.2,0.1,0.02,0.01,0.1,0.02,0.01,b,e,0.2,0.1,0.02,0.01,0.1,0.02,0.01,a,e,0.2,0.1,0.02,0.01,0.1,0.02,0.01,b,c,0.2,0.1,0.02,0.01,0.1,0.02,0.01,e,g,0.2,0.1,0.02,0.01,0.1,0.02,0.01,a,b,h,0.2,0.1,0.02,0.01,0.2,0.1,0.02,0.01,0.2,0.02,0.01,0.02,0.01,c,f,0.2,0.1,0.02,0.01,0.1,0.02,0.01,a,0.2,0.1,0.02,0.01,0.1,0.02,0.01,c,0.2,0.1,0.02,0.01,0.1,0.02,0.01,a,0.2,0.1,0.02,0.01,0.1,0.02,0.01,c,0.2,0.1,0.02,0.01,0.1,0.02,0.01,a,f,0.2,0.1,0.02,0.01,0.1,0.02,0.01,c,0.2,0.1,0.02,0.01,0.1,0.02,0.01,c,f,0.01,0.01,0.01,0.01,









